1 1 3 0.0 3.41106 0 -49.88
2 2 3 0.0 3.11616 1.3874 -49.88
3 3 3 0.0 2.75961 2.00497 -48.6494
4 4 3 0.0 1.70553 2.95406 -48.6494
5 5 3 0.0 1.05408 3.24411 -49.88
6 6 3 0.0 -0.356553 3.39237 -49.88
7 7 3 0.0 -1.05408 3.24411 -48.6494
8 8 3 0.0 -2.28244 2.53491 -48.6494
9 9 3 0.0 -2.75961 2.00497 -49.88
10 10 3 0.0 -3.33652 0.709199 -49.88
11 11 3 0.0 -3.41106 1.93255e-15 -48.6494
12 12 3 0.0 -3.11616 -1.3874 -48.6494
13 13 3 0.0 -2.75961 -2.00497 -49.88
14 14 3 0.0 -1.70553 -2.95406 -49.88
15 15 3 0.0 -1.05408 -3.24411 -48.6494
16 16 3 0.0 0.356553 -3.39237 -48.6494
17 17 3 0.0 1.05408 -3.24411 -49.88
18 18 3 0.0 2.28244 -2.53491 -49.88
19 19 3 0.0 2.75961 -2.00497 -48.6494
20 20 3 0.0 3.33652 -0.709199 -48.6494
21 21 3 0.0 3.41106 0 -47.4188
22 22 3 0.0 3.11616 1.3874 -47.4188
23 23 3 0.0 2.75961 2.00497 -46.1881
24 24 3 0.0 1.70553 2.95406 -46.1881
25 25 3 0.0 1.05408 3.24411 -47.4188
26 26 3 0.0 -0.356553 3.39237 -47.4188
27 27 3 0.0 -1.05408 3.24411 -46.1881
28 28 3 0.0 -2.28244 2.53491 -46.1881
29 29 3 0.0 -2.75961 2.00497 -47.4188
30 30 3 0.0 -3.33652 0.709199 -47.4188
31 31 3 0.0 -3.41106 1.93255e-15 -46.1881
32 32 3 0.0 -3.11616 -1.3874 -46.1881
33 33 3 0.0 -2.75961 -2.00497 -47.4188
34 34 3 0.0 -1.70553 -2.95406 -47.4188
35 35 3 0.0 -1.05408 -3.24411 -46.1881
36 36 3 0.0 0.356553 -3.39237 -46.1881
37 37 3 0.0 1.05408 -3.24411 -47.4188
38 38 3 0.0 2.28244 -2.53491 -47.4188
39 39 3 0.0 2.75961 -2.00497 -46.1881
40 40 3 0.0 3.33652 -0.709199 -46.1881
41 41 3 0.0 3.41106 0 -44.9575
42 42 3 0.0 3.11616 1.3874 -44.9575
43 43 3 0.0 2.75961 2.00497 -43.7269
44 44 3 0.0 1.70553 2.95406 -43.7269
45 45 3 0.0 1.05408 3.24411 -44.9575
46 46 3 0.0 -0.356553 3.39237 -44.9575
47 47 3 0.0 -1.05408 3.24411 -43.7269
48 48 3 0.0 -2.28244 2.53491 -43.7269
49 49 3 0.0 -2.75961 2.00497 -44.9575
50 50 3 0.0 -3.33652 0.709199 -44.9575
51 51 3 0.0 -3.41106 1.93255e-15 -43.7269
52 52 3 0.0 -3.11616 -1.3874 -43.7269
53 53 3 0.0 -2.75961 -2.00497 -44.9575
54 54 3 0.0 -1.70553 -2.95406 -44.9575
55 55 3 0.0 -1.05408 -3.24411 -43.7269
56 56 3 0.0 0.356553 -3.39237 -43.7269
57 57 3 0.0 1.05408 -3.24411 -44.9575
58 58 3 0.0 2.28244 -2.53491 -44.9575
59 59 3 0.0 2.75961 -2.00497 -43.7269
60 60 3 0.0 3.33652 -0.709199 -43.7269
61 61 3 0.0 3.41106 0 -42.4963
62 62 3 0.0 3.11616 1.3874 -42.4963
63 63 3 0.0 2.75961 2.00497 -41.2656
64 64 3 0.0 1.70553 2.95406 -41.2656
65 65 3 0.0 1.05408 3.24411 -42.4963
66 66 3 0.0 -0.356553 3.39237 -42.4963
67 67 3 0.0 -1.05408 3.24411 -41.2656
68 68 3 0.0 -2.28244 2.53491 -41.2656
69 69 3 0.0 -2.75961 2.00497 -42.4963
70 70 3 0.0 -3.33652 0.709199 -42.4963
71 71 3 0.0 -3.41106 1.93255e-15 -41.2656
72 72 3 0.0 -3.11616 -1.3874 -41.2656
73 73 3 0.0 -2.75961 -2.00497 -42.4963
74 74 3 0.0 -1.70553 -2.95406 -42.4963
75 75 3 0.0 -1.05408 -3.24411 -41.2656
76 76 3 0.0 0.356553 -3.39237 -41.2656
77 77 3 0.0 1.05408 -3.24411 -42.4963
78 78 3 0.0 2.28244 -2.53491 -42.4963
79 79 3 0.0 2.75961 -2.00497 -41.2656
80 80 3 0.0 3.33652 -0.709199 -41.2656
81 81 3 0.0 3.41106 0 -40.035
82 82 3 0.0 3.11616 1.3874 -40.035
83 83 3 0.0 2.75961 2.00497 -38.8044
84 84 3 0.0 1.70553 2.95406 -38.8044
85 85 3 0.0 1.05408 3.24411 -40.035
86 86 3 0.0 -0.356553 3.39237 -40.035
87 87 3 0.0 -1.05408 3.24411 -38.8044
88 88 3 0.0 -2.28244 2.53491 -38.8044
89 89 3 0.0 -2.75961 2.00497 -40.035
90 90 3 0.0 -3.33652 0.709199 -40.035
91 91 3 0.0 -3.41106 1.93255e-15 -38.8044
92 92 3 0.0 -3.11616 -1.3874 -38.8044
93 93 3 0.0 -2.75961 -2.00497 -40.035
94 94 3 0.0 -1.70553 -2.95406 -40.035
95 95 3 0.0 -1.05408 -3.24411 -38.8044
96 96 3 0.0 0.356553 -3.39237 -38.8044
97 97 3 0.0 1.05408 -3.24411 -40.035
98 98 3 0.0 2.28244 -2.53491 -40.035
99 99 3 0.0 2.75961 -2.00497 -38.8044
100 100 3 0.0 3.33652 -0.709199 -38.8044
101 101 3 0.0 3.41106 0 -37.5738
102 102 3 0.0 3.11616 1.3874 -37.5738
103 103 3 0.0 2.75961 2.00497 -36.3432
104 104 3 0.0 1.70553 2.95406 -36.3432
105 105 3 0.0 1.05408 3.24411 -37.5738
106 106 3 0.0 -0.356553 3.39237 -37.5738
107 107 3 0.0 -1.05408 3.24411 -36.3432
108 108 3 0.0 -2.28244 2.53491 -36.3432
109 109 3 0.0 -2.75961 2.00497 -37.5738
110 110 3 0.0 -3.33652 0.709199 -37.5738
111 111 3 0.0 -3.41106 1.93255e-15 -36.3432
112 112 3 0.0 -3.11616 -1.3874 -36.3432
113 113 3 0.0 -2.75961 -2.00497 -37.5738
114 114 3 0.0 -1.70553 -2.95406 -37.5738
115 115 3 0.0 -1.05408 -3.24411 -36.3432
116 116 3 0.0 0.356553 -3.39237 -36.3432
117 117 3 0.0 1.05408 -3.24411 -37.5738
118 118 3 0.0 2.28244 -2.53491 -37.5738
119 119 3 0.0 2.75961 -2.00497 -36.3432
120 120 3 0.0 3.33652 -0.709199 -36.3432
121 121 3 0.0 3.41106 0 -35.1125
122 122 3 0.0 3.11616 1.3874 -35.1125
123 123 3 0.0 2.75961 2.00497 -33.8819
124 124 3 0.0 1.70553 2.95406 -33.8819
125 125 3 0.0 1.05408 3.24411 -35.1125
126 126 3 0.0 -0.356553 3.39237 -35.1125
127 127 3 0.0 -1.05408 3.24411 -33.8819
128 128 3 0.0 -2.28244 2.53491 -33.8819
129 129 3 0.0 -2.75961 2.00497 -35.1125
130 130 3 0.0 -3.33652 0.709199 -35.1125
131 131 3 0.0 -3.41106 1.93255e-15 -33.8819
132 132 3 0.0 -3.11616 -1.3874 -33.8819
133 133 3 0.0 -2.75961 -2.00497 -35.1125
134 134 3 0.0 -1.70553 -2.95406 -35.1125
135 135 3 0.0 -1.05408 -3.24411 -33.8819
136 136 3 0.0 0.356553 -3.39237 -33.8819
137 137 3 0.0 1.05408 -3.24411 -35.1125
138 138 3 0.0 2.28244 -2.53491 -35.1125
139 139 3 0.0 2.75961 -2.00497 -33.8819
140 140 3 0.0 3.33652 -0.709199 -33.8819
141 141 3 0.0 3.41106 0 -32.6513
142 142 3 0.0 3.11616 1.3874 -32.6513
143 143 3 0.0 2.75961 2.00497 -31.4207
144 144 3 0.0 1.70553 2.95406 -31.4207
145 145 3 0.0 1.05408 3.24411 -32.6513
146 146 3 0.0 -0.356553 3.39237 -32.6513
147 147 3 0.0 -1.05408 3.24411 -31.4207
148 148 3 0.0 -2.28244 2.53491 -31.4207
149 149 3 0.0 -2.75961 2.00497 -32.6513
150 150 3 0.0 -3.33652 0.709199 -32.6513
151 151 3 0.0 -3.41106 1.93255e-15 -31.4207
152 152 3 0.0 -3.11616 -1.3874 -31.4207
153 153 3 0.0 -2.75961 -2.00497 -32.6513
154 154 3 0.0 -1.70553 -2.95406 -32.6513
155 155 3 0.0 -1.05408 -3.24411 -31.4207
156 156 3 0.0 0.356553 -3.39237 -31.4207
157 157 3 0.0 1.05408 -3.24411 -32.6513
158 158 3 0.0 2.28244 -2.53491 -32.6513
159 159 3 0.0 2.75961 -2.00497 -31.4207
160 160 3 0.0 3.33652 -0.709199 -31.4207
161 161 3 0.0 3.41106 0 -30.19
162 162 3 0.0 3.11616 1.3874 -30.19
163 163 3 0.0 2.75961 2.00497 -28.9594
164 164 3 0.0 1.70553 2.95406 -28.9594
165 165 3 0.0 1.05408 3.24411 -30.19
166 166 3 0.0 -0.356553 3.39237 -30.19
167 167 3 0.0 -1.05408 3.24411 -28.9594
168 168 3 0.0 -2.28244 2.53491 -28.9594
169 169 3 0.0 -2.75961 2.00497 -30.19
170 170 3 0.0 -3.33652 0.709199 -30.19
171 171 3 0.0 -3.41106 1.93255e-15 -28.9594
172 172 3 0.0 -3.11616 -1.3874 -28.9594
173 173 3 0.0 -2.75961 -2.00497 -30.19
174 174 3 0.0 -1.70553 -2.95406 -30.19
175 175 3 0.0 -1.05408 -3.24411 -28.9594
176 176 3 0.0 0.356553 -3.39237 -28.9594
177 177 3 0.0 1.05408 -3.24411 -30.19
178 178 3 0.0 2.28244 -2.53491 -30.19
179 179 3 0.0 2.75961 -2.00497 -28.9594
180 180 3 0.0 3.33652 -0.709199 -28.9594
181 181 3 0.0 3.41106 0 -27.7288
182 182 3 0.0 3.11616 1.3874 -27.7288
183 183 3 0.0 2.75961 2.00497 -26.4982
184 184 3 0.0 1.70553 2.95406 -26.4982
185 185 3 0.0 1.05408 3.24411 -27.7288
186 186 3 0.0 -0.356553 3.39237 -27.7288
187 187 3 0.0 -1.05408 3.24411 -26.4982
188 188 3 0.0 -2.28244 2.53491 -26.4982
189 189 3 0.0 -2.75961 2.00497 -27.7288
190 190 3 0.0 -3.33652 0.709199 -27.7288
191 191 3 0.0 -3.41106 1.93255e-15 -26.4982
192 192 3 0.0 -3.11616 -1.3874 -26.4982
193 193 3 0.0 -2.75961 -2.00497 -27.7288
194 194 3 0.0 -1.70553 -2.95406 -27.7288
195 195 3 0.0 -1.05408 -3.24411 -26.4982
196 196 3 0.0 0.356553 -3.39237 -26.4982
197 197 3 0.0 1.05408 -3.24411 -27.7288
198 198 3 0.0 2.28244 -2.53491 -27.7288
199 199 3 0.0 2.75961 -2.00497 -26.4982
200 200 3 0.0 3.33652 -0.709199 -26.4982
201 201 3 0.0 3.41106 0 -25.2676
202 202 3 0.0 3.11616 1.3874 -25.2676
203 203 3 0.0 2.75961 2.00497 -24.0369
204 204 3 0.0 1.70553 2.95406 -24.0369
205 205 3 0.0 1.05408 3.24411 -25.2676
206 206 3 0.0 -0.356553 3.39237 -25.2676
207 207 3 0.0 -1.05408 3.24411 -24.0369
208 208 3 0.0 -2.28244 2.53491 -24.0369
209 209 3 0.0 -2.75961 2.00497 -25.2676
210 210 3 0.0 -3.33652 0.709199 -25.2676
211 211 3 0.0 -3.41106 1.93255e-15 -24.0369
212 212 3 0.0 -3.11616 -1.3874 -24.0369
213 213 3 0.0 -2.75961 -2.00497 -25.2676
214 214 3 0.0 -1.70553 -2.95406 -25.2676
215 215 3 0.0 -1.05408 -3.24411 -24.0369
216 216 3 0.0 0.356553 -3.39237 -24.0369
217 217 3 0.0 1.05408 -3.24411 -25.2676
218 218 3 0.0 2.28244 -2.53491 -25.2676
219 219 3 0.0 2.75961 -2.00497 -24.0369
220 220 3 0.0 3.33652 -0.709199 -24.0369
221 221 3 0.0 3.41106 0 -22.8063
222 222 3 0.0 3.11616 1.3874 -22.8063
223 223 3 0.0 2.75961 2.00497 -21.5757
224 224 3 0.0 1.70553 2.95406 -21.5757
225 225 3 0.0 1.05408 3.24411 -22.8063
226 226 3 0.0 -0.356553 3.39237 -22.8063
227 227 3 0.0 -1.05408 3.24411 -21.5757
228 228 3 0.0 -2.28244 2.53491 -21.5757
229 229 3 0.0 -2.75961 2.00497 -22.8063
230 230 3 0.0 -3.33652 0.709199 -22.8063
231 231 3 0.0 -3.41106 1.93255e-15 -21.5757
232 232 3 0.0 -3.11616 -1.3874 -21.5757
233 233 3 0.0 -2.75961 -2.00497 -22.8063
234 234 3 0.0 -1.70553 -2.95406 -22.8063
235 235 3 0.0 -1.05408 -3.24411 -21.5757
236 236 3 0.0 0.356553 -3.39237 -21.5757
237 237 3 0.0 1.05408 -3.24411 -22.8063
238 238 3 0.0 2.28244 -2.53491 -22.8063
239 239 3 0.0 2.75961 -2.00497 -21.5757
240 240 3 0.0 3.33652 -0.709199 -21.5757
241 241 3 0.0 3.41106 0 -20.3451
242 242 3 0.0 3.11616 1.3874 -20.3451
243 243 3 0.0 2.75961 2.00497 -19.1144
244 244 3 0.0 1.70553 2.95406 -19.1144
245 245 3 0.0 1.05408 3.24411 -20.3451
246 246 3 0.0 -0.356553 3.39237 -20.3451
247 247 3 0.0 -1.05408 3.24411 -19.1144
248 248 3 0.0 -2.28244 2.53491 -19.1144
249 249 3 0.0 -2.75961 2.00497 -20.3451
250 250 3 0.0 -3.33652 0.709199 -20.3451
251 251 3 0.0 -3.41106 1.93255e-15 -19.1144
252 252 3 0.0 -3.11616 -1.3874 -19.1144
253 253 3 0.0 -2.75961 -2.00497 -20.3451
254 254 3 0.0 -1.70553 -2.95406 -20.3451
255 255 3 0.0 -1.05408 -3.24411 -19.1144
256 256 3 0.0 0.356553 -3.39237 -19.1144
257 257 3 0.0 1.05408 -3.24411 -20.3451
258 258 3 0.0 2.28244 -2.53491 -20.3451
259 259 3 0.0 2.75961 -2.00497 -19.1144
260 260 3 0.0 3.33652 -0.709199 -19.1144
261 261 3 0.0 3.41106 0 -17.8838
262 262 3 0.0 3.11616 1.3874 -17.8838
263 263 3 0.0 2.75961 2.00497 -16.6532
264 264 3 0.0 1.70553 2.95406 -16.6532
265 265 3 0.0 1.05408 3.24411 -17.8838
266 266 3 0.0 -0.356553 3.39237 -17.8838
267 267 3 0.0 -1.05408 3.24411 -16.6532
268 268 3 0.0 -2.28244 2.53491 -16.6532
269 269 3 0.0 -2.75961 2.00497 -17.8838
270 270 3 0.0 -3.33652 0.709199 -17.8838
271 271 3 0.0 -3.41106 1.93255e-15 -16.6532
272 272 3 0.0 -3.11616 -1.3874 -16.6532
273 273 3 0.0 -2.75961 -2.00497 -17.8838
274 274 3 0.0 -1.70553 -2.95406 -17.8838
275 275 3 0.0 -1.05408 -3.24411 -16.6532
276 276 3 0.0 0.356553 -3.39237 -16.6532
277 277 3 0.0 1.05408 -3.24411 -17.8838
278 278 3 0.0 2.28244 -2.53491 -17.8838
279 279 3 0.0 2.75961 -2.00497 -16.6532
280 280 3 0.0 3.33652 -0.709199 -16.6532
281 281 3 0.0 3.41106 0 -15.4226
282 282 3 0.0 3.11616 1.3874 -15.4226
283 283 3 0.0 2.75961 2.00497 -14.192
284 284 3 0.0 1.70553 2.95406 -14.192
285 285 3 0.0 1.05408 3.24411 -15.4226
286 286 3 0.0 -0.356553 3.39237 -15.4226
287 287 3 0.0 -1.05408 3.24411 -14.192
288 288 3 0.0 -2.28244 2.53491 -14.192
289 289 3 0.0 -2.75961 2.00497 -15.4226
290 290 3 0.0 -3.33652 0.709199 -15.4226
291 291 3 0.0 -3.41106 1.93255e-15 -14.192
292 292 3 0.0 -3.11616 -1.3874 -14.192
293 293 3 0.0 -2.75961 -2.00497 -15.4226
294 294 3 0.0 -1.70553 -2.95406 -15.4226
295 295 3 0.0 -1.05408 -3.24411 -14.192
296 296 3 0.0 0.356553 -3.39237 -14.192
297 297 3 0.0 1.05408 -3.24411 -15.4226
298 298 3 0.0 2.28244 -2.53491 -15.4226
299 299 3 0.0 2.75961 -2.00497 -14.192
300 300 3 0.0 3.33652 -0.709199 -14.192
301 301 3 0.0 3.41106 0 -12.9613
302 302 3 0.0 3.11616 1.3874 -12.9613
303 303 3 0.0 2.75961 2.00497 -11.7307
304 304 3 0.0 1.70553 2.95406 -11.7307
305 305 3 0.0 1.05408 3.24411 -12.9613
306 306 3 0.0 -0.356553 3.39237 -12.9613
307 307 3 0.0 -1.05408 3.24411 -11.7307
308 308 3 0.0 -2.28244 2.53491 -11.7307
309 309 3 0.0 -2.75961 2.00497 -12.9613
310 310 3 0.0 -3.33652 0.709199 -12.9613
311 311 3 0.0 -3.41106 1.93255e-15 -11.7307
312 312 3 0.0 -3.11616 -1.3874 -11.7307
313 313 3 0.0 -2.75961 -2.00497 -12.9613
314 314 3 0.0 -1.70553 -2.95406 -12.9613
315 315 3 0.0 -1.05408 -3.24411 -11.7307
316 316 3 0.0 0.356553 -3.39237 -11.7307
317 317 3 0.0 1.05408 -3.24411 -12.9613
318 318 3 0.0 2.28244 -2.53491 -12.9613
319 319 3 0.0 2.75961 -2.00497 -11.7307
320 320 3 0.0 3.33652 -0.709199 -11.7307
321 321 3 0.0 3.41106 0 -10.5001
322 322 3 0.0 3.11616 1.3874 -10.5001
323 323 3 0.0 2.75961 2.00497 -9.2695
324 324 3 0.0 1.70553 2.95406 -9.2695
325 325 3 0.0 1.05408 3.24411 -10.5001
326 326 3 0.0 -0.356553 3.39237 -10.5001
327 327 3 0.0 -1.05408 3.24411 -9.2695
328 328 3 0.0 -2.28244 2.53491 -9.2695
329 329 3 0.0 -2.75961 2.00497 -10.5001
330 330 3 0.0 -3.33652 0.709199 -10.5001
331 331 3 0.0 -3.41106 1.93255e-15 -9.2695
332 332 3 0.0 -3.11616 -1.3874 -9.2695
333 333 3 0.0 -2.75961 -2.00497 -10.5001
334 334 3 0.0 -1.70553 -2.95406 -10.5001
335 335 3 0.0 -1.05408 -3.24411 -9.2695
336 336 3 0.0 0.356553 -3.39237 -9.2695
337 337 3 0.0 1.05408 -3.24411 -10.5001
338 338 3 0.0 2.28244 -2.53491 -10.5001
339 339 3 0.0 2.75961 -2.00497 -9.2695
340 340 3 0.0 3.33652 -0.709199 -9.2695
341 341 3 0.0 3.41106 0 -8.0388
342 342 3 0.0 3.11616 1.3874 -8.0388
343 343 3 0.0 2.75961 2.00497 -6.8082
344 344 3 0.0 1.70553 2.95406 -6.8082
345 345 3 0.0 1.05408 3.24411 -8.0388
346 346 3 0.0 -0.356553 3.39237 -8.0388
347 347 3 0.0 -1.05408 3.24411 -6.8082
348 348 3 0.0 -2.28244 2.53491 -6.8082
349 349 3 0.0 -2.75961 2.00497 -8.0388
350 350 3 0.0 -3.33652 0.709199 -8.0388
351 351 3 0.0 -3.41106 1.93255e-15 -6.8082
352 352 3 0.0 -3.11616 -1.3874 -6.8082
353 353 3 0.0 -2.75961 -2.00497 -8.0388
354 354 3 0.0 -1.70553 -2.95406 -8.0388
355 355 3 0.0 -1.05408 -3.24411 -6.8082
356 356 3 0.0 0.356553 -3.39237 -6.8082
357 357 3 0.0 1.05408 -3.24411 -8.0388
358 358 3 0.0 2.28244 -2.53491 -8.0388
359 359 3 0.0 2.75961 -2.00497 -6.8082
360 360 3 0.0 3.33652 -0.709199 -6.8082
361 361 3 0.0 3.41106 0 -5.5776
362 362 3 0.0 3.11616 1.3874 -5.5776
363 363 3 0.0 2.75961 2.00497 -4.347
364 364 3 0.0 1.70553 2.95406 -4.347
365 365 3 0.0 1.05408 3.24411 -5.5776
366 366 3 0.0 -0.356553 3.39237 -5.5776
367 367 3 0.0 -1.05408 3.24411 -4.347
368 368 3 0.0 -2.28244 2.53491 -4.347
369 369 3 0.0 -2.75961 2.00497 -5.5776
370 370 3 0.0 -3.33652 0.709199 -5.5776
371 371 3 0.0 -3.41106 1.93255e-15 -4.347
372 372 3 0.0 -3.11616 -1.3874 -4.347
373 373 3 0.0 -2.75961 -2.00497 -5.5776
374 374 3 0.0 -1.70553 -2.95406 -5.5776
375 375 3 0.0 -1.05408 -3.24411 -4.347
376 376 3 0.0 0.356553 -3.39237 -4.347
377 377 3 0.0 1.05408 -3.24411 -5.5776
378 378 3 0.0 2.28244 -2.53491 -5.5776
379 379 3 0.0 2.75961 -2.00497 -4.347
380 380 3 0.0 3.33652 -0.709199 -4.347
381 381 3 0.0 3.41106 0 -3.1164
382 382 3 0.0 3.11616 1.3874 -3.1164
383 383 3 0.0 2.75961 2.00497 -1.8857
384 384 3 0.0 1.70553 2.95406 -1.8857
385 385 3 0.0 1.05408 3.24411 -3.1164
386 386 3 0.0 -0.356553 3.39237 -3.1164
387 387 3 0.0 -1.05408 3.24411 -1.8857
388 388 3 0.0 -2.28244 2.53491 -1.8857
389 389 3 0.0 -2.75961 2.00497 -3.1164
390 390 3 0.0 -3.33652 0.709199 -3.1164
391 391 3 0.0 -3.41106 1.93255e-15 -1.8857
392 392 3 0.0 -3.11616 -1.3874 -1.8857
393 393 3 0.0 -2.75961 -2.00497 -3.1164
394 394 3 0.0 -1.70553 -2.95406 -3.1164
395 395 3 0.0 -1.05408 -3.24411 -1.8857
396 396 3 0.0 0.356553 -3.39237 -1.8857
397 397 3 0.0 1.05408 -3.24411 -3.1164
398 398 3 0.0 2.28244 -2.53491 -3.1164
399 399 3 0.0 2.75961 -2.00497 -1.8857
400 400 3 0.0 3.33652 -0.709199 -1.8857
401 401 3 0.0 3.41106 0 -0.6551
402 402 3 0.0 3.11616 1.3874 -0.6551
403 403 3 0.0 2.75961 2.00497 0.5755
404 404 3 0.0 1.70553 2.95406 0.5755
405 405 3 0.0 1.05408 3.24411 -0.6551
406 406 3 0.0 -0.356553 3.39237 -0.6551
407 407 3 0.0 -1.05408 3.24411 0.5755
408 408 3 0.0 -2.28244 2.53491 0.5755
409 409 3 0.0 -2.75961 2.00497 -0.6551
410 410 3 0.0 -3.33652 0.709199 -0.6551
411 411 3 0.0 -3.41106 1.93255e-15 0.5755
412 412 3 0.0 -3.11616 -1.3874 0.5755
413 413 3 0.0 -2.75961 -2.00497 -0.6551
414 414 3 0.0 -1.70553 -2.95406 -0.6551
415 415 3 0.0 -1.05408 -3.24411 0.5755
416 416 3 0.0 0.356553 -3.39237 0.5755
417 417 3 0.0 1.05408 -3.24411 -0.6551
418 418 3 0.0 2.28244 -2.53491 -0.6551
419 419 3 0.0 2.75961 -2.00497 0.5755
420 420 3 0.0 3.33652 -0.709199 0.5755
421 421 3 0.0 3.41106 0 1.8061
422 422 3 0.0 3.11616 1.3874 1.8061
423 423 3 0.0 2.75961 2.00497 3.0368
424 424 3 0.0 1.70553 2.95406 3.0368
425 425 3 0.0 1.05408 3.24411 1.8061
426 426 3 0.0 -0.356553 3.39237 1.8061
427 427 3 0.0 -1.05408 3.24411 3.0368
428 428 3 0.0 -2.28244 2.53491 3.0368
429 429 3 0.0 -2.75961 2.00497 1.8061
430 430 3 0.0 -3.33652 0.709199 1.8061
431 431 3 0.0 -3.41106 1.93255e-15 3.0368
432 432 3 0.0 -3.11616 -1.3874 3.0368
433 433 3 0.0 -2.75961 -2.00497 1.8061
434 434 3 0.0 -1.70553 -2.95406 1.8061
435 435 3 0.0 -1.05408 -3.24411 3.0368
436 436 3 0.0 0.356553 -3.39237 3.0368
437 437 3 0.0 1.05408 -3.24411 1.8061
438 438 3 0.0 2.28244 -2.53491 1.8061
439 439 3 0.0 2.75961 -2.00497 3.0368
440 440 3 0.0 3.33652 -0.709199 3.0368
441 441 3 0.0 3.41106 0 4.2674
442 442 3 0.0 3.11616 1.3874 4.2674
443 443 3 0.0 2.75961 2.00497 5.498
444 444 3 0.0 1.70553 2.95406 5.498
445 445 3 0.0 1.05408 3.24411 4.2674
446 446 3 0.0 -0.356553 3.39237 4.2674
447 447 3 0.0 -1.05408 3.24411 5.498
448 448 3 0.0 -2.28244 2.53491 5.498
449 449 3 0.0 -2.75961 2.00497 4.2674
450 450 3 0.0 -3.33652 0.709199 4.2674
451 451 3 0.0 -3.41106 1.93255e-15 5.498
452 452 3 0.0 -3.11616 -1.3874 5.498
453 453 3 0.0 -2.75961 -2.00497 4.2674
454 454 3 0.0 -1.70553 -2.95406 4.2674
455 455 3 0.0 -1.05408 -3.24411 5.498
456 456 3 0.0 0.356553 -3.39237 5.498
457 457 3 0.0 1.05408 -3.24411 4.2674
458 458 3 0.0 2.28244 -2.53491 4.2674
459 459 3 0.0 2.75961 -2.00497 5.498
460 460 3 0.0 3.33652 -0.709199 5.498
461 461 3 0.0 3.41106 0 6.7286
462 462 3 0.0 3.11616 1.3874 6.7286
463 463 3 0.0 2.75961 2.00497 7.9592
464 464 3 0.0 1.70553 2.95406 7.9592
465 465 3 0.0 1.05408 3.24411 6.7286
466 466 3 0.0 -0.356553 3.39237 6.7286
467 467 3 0.0 -1.05408 3.24411 7.9592
468 468 3 0.0 -2.28244 2.53491 7.9592
469 469 3 0.0 -2.75961 2.00497 6.7286
470 470 3 0.0 -3.33652 0.709199 6.7286
471 471 3 0.0 -3.41106 1.93255e-15 7.9592
472 472 3 0.0 -3.11616 -1.3874 7.9592
473 473 3 0.0 -2.75961 -2.00497 6.7286
474 474 3 0.0 -1.70553 -2.95406 6.7286
475 475 3 0.0 -1.05408 -3.24411 7.9592
476 476 3 0.0 0.356553 -3.39237 7.9592
477 477 3 0.0 1.05408 -3.24411 6.7286
478 478 3 0.0 2.28244 -2.53491 6.7286
479 479 3 0.0 2.75961 -2.00497 7.9592
480 480 3 0.0 3.33652 -0.709199 7.9592
481 481 3 0.0 3.41106 0 9.1899
482 482 3 0.0 3.11616 1.3874 9.1899
483 483 3 0.0 2.75961 2.00497 10.4205
484 484 3 0.0 1.70553 2.95406 10.4205
485 485 3 0.0 1.05408 3.24411 9.1899
486 486 3 0.0 -0.356553 3.39237 9.1899
487 487 3 0.0 -1.05408 3.24411 10.4205
488 488 3 0.0 -2.28244 2.53491 10.4205
489 489 3 0.0 -2.75961 2.00497 9.1899
490 490 3 0.0 -3.33652 0.709199 9.1899
491 491 3 0.0 -3.41106 1.93255e-15 10.4205
492 492 3 0.0 -3.11616 -1.3874 10.4205
493 493 3 0.0 -2.75961 -2.00497 9.1899
494 494 3 0.0 -1.70553 -2.95406 9.1899
495 495 3 0.0 -1.05408 -3.24411 10.4205
496 496 3 0.0 0.356553 -3.39237 10.4205
497 497 3 0.0 1.05408 -3.24411 9.1899
498 498 3 0.0 2.28244 -2.53491 9.1899
499 499 3 0.0 2.75961 -2.00497 10.4205
500 500 3 0.0 3.33652 -0.709199 10.4205
501 501 3 0.0 3.41106 0 11.6511
502 502 3 0.0 3.11616 1.3874 11.6511
503 503 3 0.0 2.75961 2.00497 12.8817
504 504 3 0.0 1.70553 2.95406 12.8817
505 505 3 0.0 1.05408 3.24411 11.6511
506 506 3 0.0 -0.356553 3.39237 11.6511
507 507 3 0.0 -1.05408 3.24411 12.8817
508 508 3 0.0 -2.28244 2.53491 12.8817
509 509 3 0.0 -2.75961 2.00497 11.6511
510 510 3 0.0 -3.33652 0.709199 11.6511
511 511 3 0.0 -3.41106 1.93255e-15 12.8817
512 512 3 0.0 -3.11616 -1.3874 12.8817
513 513 3 0.0 -2.75961 -2.00497 11.6511
514 514 3 0.0 -1.70553 -2.95406 11.6511
515 515 3 0.0 -1.05408 -3.24411 12.8817
516 516 3 0.0 0.356553 -3.39237 12.8817
517 517 3 0.0 1.05408 -3.24411 11.6511
518 518 3 0.0 2.28244 -2.53491 11.6511
519 519 3 0.0 2.75961 -2.00497 12.8817
520 520 3 0.0 3.33652 -0.709199 12.8817
521 521 3 0.0 3.41106 0 14.1123
522 522 3 0.0 3.11616 1.3874 14.1123
523 523 3 0.0 2.75961 2.00497 15.343
524 524 3 0.0 1.70553 2.95406 15.343
525 525 3 0.0 1.05408 3.24411 14.1123
526 526 3 0.0 -0.356553 3.39237 14.1123
527 527 3 0.0 -1.05408 3.24411 15.343
528 528 3 0.0 -2.28244 2.53491 15.343
529 529 3 0.0 -2.75961 2.00497 14.1123
530 530 3 0.0 -3.33652 0.709199 14.1123
531 531 3 0.0 -3.41106 1.93255e-15 15.343
532 532 3 0.0 -3.11616 -1.3874 15.343
533 533 3 0.0 -2.75961 -2.00497 14.1123
534 534 3 0.0 -1.70553 -2.95406 14.1123
535 535 3 0.0 -1.05408 -3.24411 15.343
536 536 3 0.0 0.356553 -3.39237 15.343
537 537 3 0.0 1.05408 -3.24411 14.1123
538 538 3 0.0 2.28244 -2.53491 14.1123
539 539 3 0.0 2.75961 -2.00497 15.343
540 540 3 0.0 3.33652 -0.709199 15.343
541 541 3 0.0 3.41106 0 16.5736
542 542 3 0.0 3.11616 1.3874 16.5736
543 543 3 0.0 2.75961 2.00497 17.8042
544 544 3 0.0 1.70553 2.95406 17.8042
545 545 3 0.0 1.05408 3.24411 16.5736
546 546 3 0.0 -0.356553 3.39237 16.5736
547 547 3 0.0 -1.05408 3.24411 17.8042
548 548 3 0.0 -2.28244 2.53491 17.8042
549 549 3 0.0 -2.75961 2.00497 16.5736
550 550 3 0.0 -3.33652 0.709199 16.5736
551 551 3 0.0 -3.41106 1.93255e-15 17.8042
552 552 3 0.0 -3.11616 -1.3874 17.8042
553 553 3 0.0 -2.75961 -2.00497 16.5736
554 554 3 0.0 -1.70553 -2.95406 16.5736
555 555 3 0.0 -1.05408 -3.24411 17.8042
556 556 3 0.0 0.356553 -3.39237 17.8042
557 557 3 0.0 1.05408 -3.24411 16.5736
558 558 3 0.0 2.28244 -2.53491 16.5736
559 559 3 0.0 2.75961 -2.00497 17.8042
560 560 3 0.0 3.33652 -0.709199 17.8042
561 561 3 0.0 3.41106 0 19.0348
562 562 3 0.0 3.11616 1.3874 19.0348
563 563 3 0.0 2.75961 2.00497 20.2655
564 564 3 0.0 1.70553 2.95406 20.2655
565 565 3 0.0 1.05408 3.24411 19.0348
566 566 3 0.0 -0.356553 3.39237 19.0348
567 567 3 0.0 -1.05408 3.24411 20.2655
568 568 3 0.0 -2.28244 2.53491 20.2655
569 569 3 0.0 -2.75961 2.00497 19.0348
570 570 3 0.0 -3.33652 0.709199 19.0348
571 571 3 0.0 -3.41106 1.93255e-15 20.2655
572 572 3 0.0 -3.11616 -1.3874 20.2655
573 573 3 0.0 -2.75961 -2.00497 19.0348
574 574 3 0.0 -1.70553 -2.95406 19.0348
575 575 3 0.0 -1.05408 -3.24411 20.2655
576 576 3 0.0 0.356553 -3.39237 20.2655
577 577 3 0.0 1.05408 -3.24411 19.0348
578 578 3 0.0 2.28244 -2.53491 19.0348
579 579 3 0.0 2.75961 -2.00497 20.2655
580 580 3 0.0 3.33652 -0.709199 20.2655
581 581 3 0.0 3.41106 0 21.4961
582 582 3 0.0 3.11616 1.3874 21.4961
583 583 3 0.0 2.75961 2.00497 22.7267
584 584 3 0.0 1.70553 2.95406 22.7267
585 585 3 0.0 1.05408 3.24411 21.4961
586 586 3 0.0 -0.356553 3.39237 21.4961
587 587 3 0.0 -1.05408 3.24411 22.7267
588 588 3 0.0 -2.28244 2.53491 22.7267
589 589 3 0.0 -2.75961 2.00497 21.4961
590 590 3 0.0 -3.33652 0.709199 21.4961
591 591 3 0.0 -3.41106 1.93255e-15 22.7267
592 592 3 0.0 -3.11616 -1.3874 22.7267
593 593 3 0.0 -2.75961 -2.00497 21.4961
594 594 3 0.0 -1.70553 -2.95406 21.4961
595 595 3 0.0 -1.05408 -3.24411 22.7267
596 596 3 0.0 0.356553 -3.39237 22.7267
597 597 3 0.0 1.05408 -3.24411 21.4961
598 598 3 0.0 2.28244 -2.53491 21.4961
599 599 3 0.0 2.75961 -2.00497 22.7267
600 600 3 0.0 3.33652 -0.709199 22.7267
601 601 3 0.0 3.41106 0 23.9573
602 602 3 0.0 3.11616 1.3874 23.9573
603 603 3 0.0 2.75961 2.00497 25.1879
604 604 3 0.0 1.70553 2.95406 25.1879
605 605 3 0.0 1.05408 3.24411 23.9573
606 606 3 0.0 -0.356553 3.39237 23.9573
607 607 3 0.0 -1.05408 3.24411 25.1879
608 608 3 0.0 -2.28244 2.53491 25.1879
609 609 3 0.0 -2.75961 2.00497 23.9573
610 610 3 0.0 -3.33652 0.709199 23.9573
611 611 3 0.0 -3.41106 1.93255e-15 25.1879
612 612 3 0.0 -3.11616 -1.3874 25.1879
613 613 3 0.0 -2.75961 -2.00497 23.9573
614 614 3 0.0 -1.70553 -2.95406 23.9573
615 615 3 0.0 -1.05408 -3.24411 25.1879
616 616 3 0.0 0.356553 -3.39237 25.1879
617 617 3 0.0 1.05408 -3.24411 23.9573
618 618 3 0.0 2.28244 -2.53491 23.9573
619 619 3 0.0 2.75961 -2.00497 25.1879
620 620 3 0.0 3.33652 -0.709199 25.1879
621 621 3 0.0 3.41106 0 26.4186
622 622 3 0.0 3.11616 1.3874 26.4186
623 623 3 0.0 2.75961 2.00497 27.6492
624 624 3 0.0 1.70553 2.95406 27.6492
625 625 3 0.0 1.05408 3.24411 26.4186
626 626 3 0.0 -0.356553 3.39237 26.4186
627 627 3 0.0 -1.05408 3.24411 27.6492
628 628 3 0.0 -2.28244 2.53491 27.6492
629 629 3 0.0 -2.75961 2.00497 26.4186
630 630 3 0.0 -3.33652 0.709199 26.4186
631 631 3 0.0 -3.41106 1.93255e-15 27.6492
632 632 3 0.0 -3.11616 -1.3874 27.6492
633 633 3 0.0 -2.75961 -2.00497 26.4186
634 634 3 0.0 -1.70553 -2.95406 26.4186
635 635 3 0.0 -1.05408 -3.24411 27.6492
636 636 3 0.0 0.356553 -3.39237 27.6492
637 637 3 0.0 1.05408 -3.24411 26.4186
638 638 3 0.0 2.28244 -2.53491 26.4186
639 639 3 0.0 2.75961 -2.00497 27.6492
640 640 3 0.0 3.33652 -0.709199 27.6492
641 641 3 0.0 3.41106 0 28.8798
642 642 3 0.0 3.11616 1.3874 28.8798
643 643 3 0.0 2.75961 2.00497 30.1104
644 644 3 0.0 1.70553 2.95406 30.1104
645 645 3 0.0 1.05408 3.24411 28.8798
646 646 3 0.0 -0.356553 3.39237 28.8798
647 647 3 0.0 -1.05408 3.24411 30.1104
648 648 3 0.0 -2.28244 2.53491 30.1104
649 649 3 0.0 -2.75961 2.00497 28.8798
650 650 3 0.0 -3.33652 0.709199 28.8798
651 651 3 0.0 -3.41106 1.93255e-15 30.1104
652 652 3 0.0 -3.11616 -1.3874 30.1104
653 653 3 0.0 -2.75961 -2.00497 28.8798
654 654 3 0.0 -1.70553 -2.95406 28.8798
655 655 3 0.0 -1.05408 -3.24411 30.1104
656 656 3 0.0 0.356553 -3.39237 30.1104
657 657 3 0.0 1.05408 -3.24411 28.8798
658 658 3 0.0 2.28244 -2.53491 28.8798
659 659 3 0.0 2.75961 -2.00497 30.1104
660 660 3 0.0 3.33652 -0.709199 30.1104
661 661 3 0.0 3.41106 0 31.3411
662 662 3 0.0 3.11616 1.3874 31.3411
663 663 3 0.0 2.75961 2.00497 32.5717
664 664 3 0.0 1.70553 2.95406 32.5717
665 665 3 0.0 1.05408 3.24411 31.3411
666 666 3 0.0 -0.356553 3.39237 31.3411
667 667 3 0.0 -1.05408 3.24411 32.5717
668 668 3 0.0 -2.28244 2.53491 32.5717
669 669 3 0.0 -2.75961 2.00497 31.3411
670 670 3 0.0 -3.33652 0.709199 31.3411
671 671 3 0.0 -3.41106 1.93255e-15 32.5717
672 672 3 0.0 -3.11616 -1.3874 32.5717
673 673 3 0.0 -2.75961 -2.00497 31.3411
674 674 3 0.0 -1.70553 -2.95406 31.3411
675 675 3 0.0 -1.05408 -3.24411 32.5717
676 676 3 0.0 0.356553 -3.39237 32.5717
677 677 3 0.0 1.05408 -3.24411 31.3411
678 678 3 0.0 2.28244 -2.53491 31.3411
679 679 3 0.0 2.75961 -2.00497 32.5717
680 680 3 0.0 3.33652 -0.709199 32.5717
681 681 3 0.0 3.41106 0 33.8023
682 682 3 0.0 3.11616 1.3874 33.8023
683 683 3 0.0 2.75961 2.00497 35.0329
684 684 3 0.0 1.70553 2.95406 35.0329
685 685 3 0.0 1.05408 3.24411 33.8023
686 686 3 0.0 -0.356553 3.39237 33.8023
687 687 3 0.0 -1.05408 3.24411 35.0329
688 688 3 0.0 -2.28244 2.53491 35.0329
689 689 3 0.0 -2.75961 2.00497 33.8023
690 690 3 0.0 -3.33652 0.709199 33.8023
691 691 3 0.0 -3.41106 1.93255e-15 35.0329
692 692 3 0.0 -3.11616 -1.3874 35.0329
693 693 3 0.0 -2.75961 -2.00497 33.8023
694 694 3 0.0 -1.70553 -2.95406 33.8023
695 695 3 0.0 -1.05408 -3.24411 35.0329
696 696 3 0.0 0.356553 -3.39237 35.0329
697 697 3 0.0 1.05408 -3.24411 33.8023
698 698 3 0.0 2.28244 -2.53491 33.8023
699 699 3 0.0 2.75961 -2.00497 35.0329
700 700 3 0.0 3.33652 -0.709199 35.0329
701 701 3 0.0 3.41106 0 36.2635
702 702 3 0.0 3.11616 1.3874 36.2635
703 703 3 0.0 2.75961 2.00497 37.4942
704 704 3 0.0 1.70553 2.95406 37.4942
705 705 3 0.0 1.05408 3.24411 36.2635
706 706 3 0.0 -0.356553 3.39237 36.2635
707 707 3 0.0 -1.05408 3.24411 37.4942
708 708 3 0.0 -2.28244 2.53491 37.4942
709 709 3 0.0 -2.75961 2.00497 36.2635
710 710 3 0.0 -3.33652 0.709199 36.2635
711 711 3 0.0 -3.41106 1.93255e-15 37.4942
712 712 3 0.0 -3.11616 -1.3874 37.4942
713 713 3 0.0 -2.75961 -2.00497 36.2635
714 714 3 0.0 -1.70553 -2.95406 36.2635
715 715 3 0.0 -1.05408 -3.24411 37.4942
716 716 3 0.0 0.356553 -3.39237 37.4942
717 717 3 0.0 1.05408 -3.24411 36.2635
718 718 3 0.0 2.28244 -2.53491 36.2635
719 719 3 0.0 2.75961 -2.00497 37.4942
720 720 3 0.0 3.33652 -0.709199 37.4942
721 721 3 0.0 3.41106 0 38.7248
722 722 3 0.0 3.11616 1.3874 38.7248
723 723 3 0.0 2.75961 2.00497 39.9554
724 724 3 0.0 1.70553 2.95406 39.9554
725 725 3 0.0 1.05408 3.24411 38.7248
726 726 3 0.0 -0.356553 3.39237 38.7248
727 727 3 0.0 -1.05408 3.24411 39.9554
728 728 3 0.0 -2.28244 2.53491 39.9554
729 729 3 0.0 -2.75961 2.00497 38.7248
730 730 3 0.0 -3.33652 0.709199 38.7248
731 731 3 0.0 -3.41106 1.93255e-15 39.9554
732 732 3 0.0 -3.11616 -1.3874 39.9554
733 733 3 0.0 -2.75961 -2.00497 38.7248
734 734 3 0.0 -1.70553 -2.95406 38.7248
735 735 3 0.0 -1.05408 -3.24411 39.9554
736 736 3 0.0 0.356553 -3.39237 39.9554
737 737 3 0.0 1.05408 -3.24411 38.7248
738 738 3 0.0 2.28244 -2.53491 38.7248
739 739 3 0.0 2.75961 -2.00497 39.9554
740 740 3 0.0 3.33652 -0.709199 39.9554
741 741 3 0.0 3.41106 0 41.186
742 742 3 0.0 3.11616 1.3874 41.186
743 743 3 0.0 2.75961 2.00497 42.4167
744 744 3 0.0 1.70553 2.95406 42.4167
745 745 3 0.0 1.05408 3.24411 41.186
746 746 3 0.0 -0.356553 3.39237 41.186
747 747 3 0.0 -1.05408 3.24411 42.4167
748 748 3 0.0 -2.28244 2.53491 42.4167
749 749 3 0.0 -2.75961 2.00497 41.186
750 750 3 0.0 -3.33652 0.709199 41.186
751 751 3 0.0 -3.41106 1.93255e-15 42.4167
752 752 3 0.0 -3.11616 -1.3874 42.4167
753 753 3 0.0 -2.75961 -2.00497 41.186
754 754 3 0.0 -1.70553 -2.95406 41.186
755 755 3 0.0 -1.05408 -3.24411 42.4167
756 756 3 0.0 0.356553 -3.39237 42.4167
757 757 3 0.0 1.05408 -3.24411 41.186
758 758 3 0.0 2.28244 -2.53491 41.186
759 759 3 0.0 2.75961 -2.00497 42.4167
760 760 3 0.0 3.33652 -0.709199 42.4167
761 761 3 0.0 3.41106 0 43.6473
762 762 3 0.0 3.11616 1.3874 43.6473
763 763 3 0.0 2.75961 2.00497 44.8779
764 764 3 0.0 1.70553 2.95406 44.8779
765 765 3 0.0 1.05408 3.24411 43.6473
766 766 3 0.0 -0.356553 3.39237 43.6473
767 767 3 0.0 -1.05408 3.24411 44.8779
768 768 3 0.0 -2.28244 2.53491 44.8779
769 769 3 0.0 -2.75961 2.00497 43.6473
770 770 3 0.0 -3.33652 0.709199 43.6473
771 771 3 0.0 -3.41106 1.93255e-15 44.8779
772 772 3 0.0 -3.11616 -1.3874 44.8779
773 773 3 0.0 -2.75961 -2.00497 43.6473
774 774 3 0.0 -1.70553 -2.95406 43.6473
775 775 3 0.0 -1.05408 -3.24411 44.8779
776 776 3 0.0 0.356553 -3.39237 44.8779
777 777 3 0.0 1.05408 -3.24411 43.6473
778 778 3 0.0 2.28244 -2.53491 43.6473
779 779 3 0.0 2.75961 -2.00497 44.8779
780 780 3 0.0 3.33652 -0.709199 44.8779
781 781 3 0.0 3.41106 0 46.1085
782 782 3 0.0 3.11616 1.3874 46.1085
783 783 3 0.0 2.75961 2.00497 47.3391
784 784 3 0.0 1.70553 2.95406 47.3391
785 785 3 0.0 1.05408 3.24411 46.1085
786 786 3 0.0 -0.356553 3.39237 46.1085
787 787 3 0.0 -1.05408 3.24411 47.3391
788 788 3 0.0 -2.28244 2.53491 47.3391
789 789 3 0.0 -2.75961 2.00497 46.1085
790 790 3 0.0 -3.33652 0.709199 46.1085
791 791 3 0.0 -3.41106 1.93255e-15 47.3391
792 792 3 0.0 -3.11616 -1.3874 47.3391
793 793 3 0.0 -2.75961 -2.00497 46.1085
794 794 3 0.0 -1.70553 -2.95406 46.1085
795 795 3 0.0 -1.05408 -3.24411 47.3391
796 796 3 0.0 0.356553 -3.39237 47.3391
797 797 3 0.0 1.05408 -3.24411 46.1085
798 798 3 0.0 2.28244 -2.53491 46.1085
799 799 3 0.0 2.75961 -2.00497 47.3391
800 800 3 0.0 3.33652 -0.709199 47.3391
801 801 3 0.0 3.41106 0 48.5698
802 802 3 0.0 3.11616 1.3874 48.5698
803 803 3 0.0 2.75961 2.00497 49.8004
804 804 3 0.0 1.70553 2.95406 49.8004
805 805 3 0.0 1.05408 3.24411 48.5698
806 806 3 0.0 -0.356553 3.39237 48.5698
807 807 3 0.0 -1.05408 3.24411 49.8004
808 808 3 0.0 -2.28244 2.53491 49.8004
809 809 3 0.0 -2.75961 2.00497 48.5698
810 810 3 0.0 -3.33652 0.709199 48.5698
811 811 3 0.0 -3.41106 1.93255e-15 49.8004
812 812 3 0.0 -3.11616 -1.3874 49.8004
813 813 3 0.0 -2.75961 -2.00497 48.5698
814 814 3 0.0 -1.70553 -2.95406 48.5698
815 815 3 0.0 -1.05408 -3.24411 49.8004
816 816 3 0.0 0.356553 -3.39237 49.8004
817 817 3 0.0 1.05408 -3.24411 48.5698
818 818 3 0.0 2.28244 -2.53491 48.5698
819 819 3 0.0 2.75961 -2.00497 49.8004
820 820 3 0.0 3.33652 -0.709199 49.8004
821 821 4 0.0 6.79408 0 -49.88
822 822 4 0.0 6.64562 1.41257 -49.88
823 823 4 0.0 6.46156 2.09949 -48.6494
824 824 4 0.0 5.88385 3.39704 -48.6494
825 825 4 0.0 5.49653 3.99346 -49.88
826 826 4 0.0 4.54613 5.04899 -49.88
827 827 4 0.0 3.99346 5.49653 -48.6494
828 828 4 0.0 2.7634 6.20671 -48.6494
829 829 4 0.0 2.09949 6.46156 -49.88
830 830 4 0.0 0.710175 6.75687 -49.88
831 831 4 0.0 1.92461e-15 6.79408 -48.6494
832 832 4 0.0 -1.41257 6.64562 -48.6494
833 833 4 0.0 -2.09949 6.46156 -49.88
834 834 4 0.0 -3.39704 5.88385 -49.88
835 835 4 0.0 -3.99346 5.49653 -48.6494
836 836 4 0.0 -5.04899 4.54613 -48.6494
837 837 4 0.0 -5.49653 3.99346 -49.88
838 838 4 0.0 -6.20671 2.7634 -49.88
839 839 4 0.0 -6.46156 2.09949 -48.6494
840 840 4 0.0 -6.75687 0.710175 -48.6494
841 841 4 0.0 -6.79408 3.84922e-15 -49.88
842 842 4 0.0 -6.64562 -1.41257 -49.88
843 843 4 0.0 -6.46156 -2.09949 -48.6494
844 844 4 0.0 -5.88385 -3.39704 -48.6494
845 845 4 0.0 -5.49653 -3.99346 -49.88
846 846 4 0.0 -4.54613 -5.04899 -49.88
847 847 4 0.0 -3.99346 -5.49653 -48.6494
848 848 4 0.0 -2.7634 -6.20671 -48.6494
849 849 4 0.0 -2.09949 -6.46156 -49.88
850 850 4 0.0 -0.710175 -6.75687 -49.88
851 851 4 0.0 -1.24805e-15 -6.79408 -48.6494
852 852 4 0.0 1.41257 -6.64562 -48.6494
853 853 4 0.0 2.09949 -6.46156 -49.88
854 854 4 0.0 3.39704 -5.88385 -49.88
855 855 4 0.0 3.99346 -5.49653 -48.6494
856 856 4 0.0 5.04899 -4.54613 -48.6494
857 857 4 0.0 5.49653 -3.99346 -49.88
858 858 4 0.0 6.20671 -2.7634 -49.88
859 859 4 0.0 6.46156 -2.09949 -48.6494
860 860 4 0.0 6.75687 -0.710175 -48.6494
861 861 4 0.0 6.79408 0 -47.4188
862 862 4 0.0 6.64562 1.41257 -47.4188
863 863 4 0.0 6.46156 2.09949 -46.1881
864 864 4 0.0 5.88385 3.39704 -46.1881
865 865 4 0.0 5.49653 3.99346 -47.4188
866 866 4 0.0 4.54613 5.04899 -47.4188
867 867 4 0.0 3.99346 5.49653 -46.1881
868 868 4 0.0 2.7634 6.20671 -46.1881
869 869 4 0.0 2.09949 6.46156 -47.4188
870 870 4 0.0 0.710175 6.75687 -47.4188
871 871 4 0.0 1.92461e-15 6.79408 -46.1881
872 872 4 0.0 -1.41257 6.64562 -46.1881
873 873 4 0.0 -2.09949 6.46156 -47.4188
874 874 4 0.0 -3.39704 5.88385 -47.4188
875 875 4 0.0 -3.99346 5.49653 -46.1881
876 876 4 0.0 -5.04899 4.54613 -46.1881
877 877 4 0.0 -5.49653 3.99346 -47.4188
878 878 4 0.0 -6.20671 2.7634 -47.4188
879 879 4 0.0 -6.46156 2.09949 -46.1881
880 880 4 0.0 -6.75687 0.710175 -46.1881
881 881 4 0.0 -6.79408 3.84922e-15 -47.4188
882 882 4 0.0 -6.64562 -1.41257 -47.4188
883 883 4 0.0 -6.46156 -2.09949 -46.1881
884 884 4 0.0 -5.88385 -3.39704 -46.1881
885 885 4 0.0 -5.49653 -3.99346 -47.4188
886 886 4 0.0 -4.54613 -5.04899 -47.4188
887 887 4 0.0 -3.99346 -5.49653 -46.1881
888 888 4 0.0 -2.7634 -6.20671 -46.1881
889 889 4 0.0 -2.09949 -6.46156 -47.4188
890 890 4 0.0 -0.710175 -6.75687 -47.4188
891 891 4 0.0 -1.24805e-15 -6.79408 -46.1881
892 892 4 0.0 1.41257 -6.64562 -46.1881
893 893 4 0.0 2.09949 -6.46156 -47.4188
894 894 4 0.0 3.39704 -5.88385 -47.4188
895 895 4 0.0 3.99346 -5.49653 -46.1881
896 896 4 0.0 5.04899 -4.54613 -46.1881
897 897 4 0.0 5.49653 -3.99346 -47.4188
898 898 4 0.0 6.20671 -2.7634 -47.4188
899 899 4 0.0 6.46156 -2.09949 -46.1881
900 900 4 0.0 6.75687 -0.710175 -46.1881
901 901 4 0.0 6.79408 0 -44.9575
902 902 4 0.0 6.64562 1.41257 -44.9575
903 903 4 0.0 6.46156 2.09949 -43.7269
904 904 4 0.0 5.88385 3.39704 -43.7269
905 905 4 0.0 5.49653 3.99346 -44.9575
906 906 4 0.0 4.54613 5.04899 -44.9575
907 907 4 0.0 3.99346 5.49653 -43.7269
908 908 4 0.0 2.7634 6.20671 -43.7269
909 909 4 0.0 2.09949 6.46156 -44.9575
910 910 4 0.0 0.710175 6.75687 -44.9575
911 911 4 0.0 1.92461e-15 6.79408 -43.7269
912 912 4 0.0 -1.41257 6.64562 -43.7269
913 913 4 0.0 -2.09949 6.46156 -44.9575
914 914 4 0.0 -3.39704 5.88385 -44.9575
915 915 4 0.0 -3.99346 5.49653 -43.7269
916 916 4 0.0 -5.04899 4.54613 -43.7269
917 917 4 0.0 -5.49653 3.99346 -44.9575
918 918 4 0.0 -6.20671 2.7634 -44.9575
919 919 4 0.0 -6.46156 2.09949 -43.7269
920 920 4 0.0 -6.75687 0.710175 -43.7269
921 921 4 0.0 -6.79408 3.84922e-15 -44.9575
922 922 4 0.0 -6.64562 -1.41257 -44.9575
923 923 4 0.0 -6.46156 -2.09949 -43.7269
924 924 4 0.0 -5.88385 -3.39704 -43.7269
925 925 4 0.0 -5.49653 -3.99346 -44.9575
926 926 4 0.0 -4.54613 -5.04899 -44.9575
927 927 4 0.0 -3.99346 -5.49653 -43.7269
928 928 4 0.0 -2.7634 -6.20671 -43.7269
929 929 4 0.0 -2.09949 -6.46156 -44.9575
930 930 4 0.0 -0.710175 -6.75687 -44.9575
931 931 4 0.0 -1.24805e-15 -6.79408 -43.7269
932 932 4 0.0 1.41257 -6.64562 -43.7269
933 933 4 0.0 2.09949 -6.46156 -44.9575
934 934 4 0.0 3.39704 -5.88385 -44.9575
935 935 4 0.0 3.99346 -5.49653 -43.7269
936 936 4 0.0 5.04899 -4.54613 -43.7269
937 937 4 0.0 5.49653 -3.99346 -44.9575
938 938 4 0.0 6.20671 -2.7634 -44.9575
939 939 4 0.0 6.46156 -2.09949 -43.7269
940 940 4 0.0 6.75687 -0.710175 -43.7269
941 941 4 0.0 6.79408 0 -42.4963
942 942 4 0.0 6.64562 1.41257 -42.4963
943 943 4 0.0 6.46156 2.09949 -41.2656
944 944 4 0.0 5.88385 3.39704 -41.2656
945 945 4 0.0 5.49653 3.99346 -42.4963
946 946 4 0.0 4.54613 5.04899 -42.4963
947 947 4 0.0 3.99346 5.49653 -41.2656
948 948 4 0.0 2.7634 6.20671 -41.2656
949 949 4 0.0 2.09949 6.46156 -42.4963
950 950 4 0.0 0.710175 6.75687 -42.4963
951 951 4 0.0 1.92461e-15 6.79408 -41.2656
952 952 4 0.0 -1.41257 6.64562 -41.2656
953 953 4 0.0 -2.09949 6.46156 -42.4963
954 954 4 0.0 -3.39704 5.88385 -42.4963
955 955 4 0.0 -3.99346 5.49653 -41.2656
956 956 4 0.0 -5.04899 4.54613 -41.2656
957 957 4 0.0 -5.49653 3.99346 -42.4963
958 958 4 0.0 -6.20671 2.7634 -42.4963
959 959 4 0.0 -6.46156 2.09949 -41.2656
960 960 4 0.0 -6.75687 0.710175 -41.2656
961 961 4 0.0 -6.79408 3.84922e-15 -42.4963
962 962 4 0.0 -6.64562 -1.41257 -42.4963
963 963 4 0.0 -6.46156 -2.09949 -41.2656
964 964 4 0.0 -5.88385 -3.39704 -41.2656
965 965 4 0.0 -5.49653 -3.99346 -42.4963
966 966 4 0.0 -4.54613 -5.04899 -42.4963
967 967 4 0.0 -3.99346 -5.49653 -41.2656
968 968 4 0.0 -2.7634 -6.20671 -41.2656
969 969 4 0.0 -2.09949 -6.46156 -42.4963
970 970 4 0.0 -0.710175 -6.75687 -42.4963
971 971 4 0.0 -1.24805e-15 -6.79408 -41.2656
972 972 4 0.0 1.41257 -6.64562 -41.2656
973 973 4 0.0 2.09949 -6.46156 -42.4963
974 974 4 0.0 3.39704 -5.88385 -42.4963
975 975 4 0.0 3.99346 -5.49653 -41.2656
976 976 4 0.0 5.04899 -4.54613 -41.2656
977 977 4 0.0 5.49653 -3.99346 -42.4963
978 978 4 0.0 6.20671 -2.7634 -42.4963
979 979 4 0.0 6.46156 -2.09949 -41.2656
980 980 4 0.0 6.75687 -0.710175 -41.2656
981 981 4 0.0 6.79408 0 -40.035
982 982 4 0.0 6.64562 1.41257 -40.035
983 983 4 0.0 6.46156 2.09949 -38.8044
984 984 4 0.0 5.88385 3.39704 -38.8044
985 985 4 0.0 5.49653 3.99346 -40.035
986 986 4 0.0 4.54613 5.04899 -40.035
987 987 4 0.0 3.99346 5.49653 -38.8044
988 988 4 0.0 2.7634 6.20671 -38.8044
989 989 4 0.0 2.09949 6.46156 -40.035
990 990 4 0.0 0.710175 6.75687 -40.035
991 991 4 0.0 1.92461e-15 6.79408 -38.8044
992 992 4 0.0 -1.41257 6.64562 -38.8044
993 993 4 0.0 -2.09949 6.46156 -40.035
994 994 4 0.0 -3.39704 5.88385 -40.035
995 995 4 0.0 -3.99346 5.49653 -38.8044
996 996 4 0.0 -5.04899 4.54613 -38.8044
997 997 4 0.0 -5.49653 3.99346 -40.035
998 998 4 0.0 -6.20671 2.7634 -40.035
999 999 4 0.0 -6.46156 2.09949 -38.8044
1000 1000 4 0.0 -6.75687 0.710175 -38.8044
1001 1001 4 0.0 -6.79408 3.84922e-15 -40.035
1002 1002 4 0.0 -6.64562 -1.41257 -40.035
1003 1003 4 0.0 -6.46156 -2.09949 -38.8044
1004 1004 4 0.0 -5.88385 -3.39704 -38.8044
1005 1005 4 0.0 -5.49653 -3.99346 -40.035
1006 1006 4 0.0 -4.54613 -5.04899 -40.035
1007 1007 4 0.0 -3.99346 -5.49653 -38.8044
1008 1008 4 0.0 -2.7634 -6.20671 -38.8044
1009 1009 4 0.0 -2.09949 -6.46156 -40.035
1010 1010 4 0.0 -0.710175 -6.75687 -40.035
1011 1011 4 0.0 -1.24805e-15 -6.79408 -38.8044
1012 1012 4 0.0 1.41257 -6.64562 -38.8044
1013 1013 4 0.0 2.09949 -6.46156 -40.035
1014 1014 4 0.0 3.39704 -5.88385 -40.035
1015 1015 4 0.0 3.99346 -5.49653 -38.8044
1016 1016 4 0.0 5.04899 -4.54613 -38.8044
1017 1017 4 0.0 5.49653 -3.99346 -40.035
1018 1018 4 0.0 6.20671 -2.7634 -40.035
1019 1019 4 0.0 6.46156 -2.09949 -38.8044
1020 1020 4 0.0 6.75687 -0.710175 -38.8044
1021 1021 4 0.0 6.79408 0 -37.5738
1022 1022 4 0.0 6.64562 1.41257 -37.5738
1023 1023 4 0.0 6.46156 2.09949 -36.3432
1024 1024 4 0.0 5.88385 3.39704 -36.3432
1025 1025 4 0.0 5.49653 3.99346 -37.5738
1026 1026 4 0.0 4.54613 5.04899 -37.5738
1027 1027 4 0.0 3.99346 5.49653 -36.3432
1028 1028 4 0.0 2.7634 6.20671 -36.3432
1029 1029 4 0.0 2.09949 6.46156 -37.5738
1030 1030 4 0.0 0.710175 6.75687 -37.5738
1031 1031 4 0.0 1.92461e-15 6.79408 -36.3432
1032 1032 4 0.0 -1.41257 6.64562 -36.3432
1033 1033 4 0.0 -2.09949 6.46156 -37.5738
1034 1034 4 0.0 -3.39704 5.88385 -37.5738
1035 1035 4 0.0 -3.99346 5.49653 -36.3432
1036 1036 4 0.0 -5.04899 4.54613 -36.3432
1037 1037 4 0.0 -5.49653 3.99346 -37.5738
1038 1038 4 0.0 -6.20671 2.7634 -37.5738
1039 1039 4 0.0 -6.46156 2.09949 -36.3432
1040 1040 4 0.0 -6.75687 0.710175 -36.3432
1041 1041 4 0.0 -6.79408 3.84922e-15 -37.5738
1042 1042 4 0.0 -6.64562 -1.41257 -37.5738
1043 1043 4 0.0 -6.46156 -2.09949 -36.3432
1044 1044 4 0.0 -5.88385 -3.39704 -36.3432
1045 1045 4 0.0 -5.49653 -3.99346 -37.5738
1046 1046 4 0.0 -4.54613 -5.04899 -37.5738
1047 1047 4 0.0 -3.99346 -5.49653 -36.3432
1048 1048 4 0.0 -2.7634 -6.20671 -36.3432
1049 1049 4 0.0 -2.09949 -6.46156 -37.5738
1050 1050 4 0.0 -0.710175 -6.75687 -37.5738
1051 1051 4 0.0 -1.24805e-15 -6.79408 -36.3432
1052 1052 4 0.0 1.41257 -6.64562 -36.3432
1053 1053 4 0.0 2.09949 -6.46156 -37.5738
1054 1054 4 0.0 3.39704 -5.88385 -37.5738
1055 1055 4 0.0 3.99346 -5.49653 -36.3432
1056 1056 4 0.0 5.04899 -4.54613 -36.3432
1057 1057 4 0.0 5.49653 -3.99346 -37.5738
1058 1058 4 0.0 6.20671 -2.7634 -37.5738
1059 1059 4 0.0 6.46156 -2.09949 -36.3432
1060 1060 4 0.0 6.75687 -0.710175 -36.3432
1061 1061 4 0.0 6.79408 0 -35.1125
1062 1062 4 0.0 6.64562 1.41257 -35.1125
1063 1063 4 0.0 6.46156 2.09949 -33.8819
1064 1064 4 0.0 5.88385 3.39704 -33.8819
1065 1065 4 0.0 5.49653 3.99346 -35.1125
1066 1066 4 0.0 4.54613 5.04899 -35.1125
1067 1067 4 0.0 3.99346 5.49653 -33.8819
1068 1068 4 0.0 2.7634 6.20671 -33.8819
1069 1069 4 0.0 2.09949 6.46156 -35.1125
1070 1070 4 0.0 0.710175 6.75687 -35.1125
1071 1071 4 0.0 1.92461e-15 6.79408 -33.8819
1072 1072 4 0.0 -1.41257 6.64562 -33.8819
1073 1073 4 0.0 -2.09949 6.46156 -35.1125
1074 1074 4 0.0 -3.39704 5.88385 -35.1125
1075 1075 4 0.0 -3.99346 5.49653 -33.8819
1076 1076 4 0.0 -5.04899 4.54613 -33.8819
1077 1077 4 0.0 -5.49653 3.99346 -35.1125
1078 1078 4 0.0 -6.20671 2.7634 -35.1125
1079 1079 4 0.0 -6.46156 2.09949 -33.8819
1080 1080 4 0.0 -6.75687 0.710175 -33.8819
1081 1081 4 0.0 -6.79408 3.84922e-15 -35.1125
1082 1082 4 0.0 -6.64562 -1.41257 -35.1125
1083 1083 4 0.0 -6.46156 -2.09949 -33.8819
1084 1084 4 0.0 -5.88385 -3.39704 -33.8819
1085 1085 4 0.0 -5.49653 -3.99346 -35.1125
1086 1086 4 0.0 -4.54613 -5.04899 -35.1125
1087 1087 4 0.0 -3.99346 -5.49653 -33.8819
1088 1088 4 0.0 -2.7634 -6.20671 -33.8819
1089 1089 4 0.0 -2.09949 -6.46156 -35.1125
1090 1090 4 0.0 -0.710175 -6.75687 -35.1125
1091 1091 4 0.0 -1.24805e-15 -6.79408 -33.8819
1092 1092 4 0.0 1.41257 -6.64562 -33.8819
1093 1093 4 0.0 2.09949 -6.46156 -35.1125
1094 1094 4 0.0 3.39704 -5.88385 -35.1125
1095 1095 4 0.0 3.99346 -5.49653 -33.8819
1096 1096 4 0.0 5.04899 -4.54613 -33.8819
1097 1097 4 0.0 5.49653 -3.99346 -35.1125
1098 1098 4 0.0 6.20671 -2.7634 -35.1125
1099 1099 4 0.0 6.46156 -2.09949 -33.8819
1100 1100 4 0.0 6.75687 -0.710175 -33.8819
1101 1101 4 0.0 6.79408 0 -32.6513
1102 1102 4 0.0 6.64562 1.41257 -32.6513
1103 1103 4 0.0 6.46156 2.09949 -31.4207
1104 1104 4 0.0 5.88385 3.39704 -31.4207
1105 1105 4 0.0 5.49653 3.99346 -32.6513
1106 1106 4 0.0 4.54613 5.04899 -32.6513
1107 1107 4 0.0 3.99346 5.49653 -31.4207
1108 1108 4 0.0 2.7634 6.20671 -31.4207
1109 1109 4 0.0 2.09949 6.46156 -32.6513
1110 1110 4 0.0 0.710175 6.75687 -32.6513
1111 1111 4 0.0 1.92461e-15 6.79408 -31.4207
1112 1112 4 0.0 -1.41257 6.64562 -31.4207
1113 1113 4 0.0 -2.09949 6.46156 -32.6513
1114 1114 4 0.0 -3.39704 5.88385 -32.6513
1115 1115 4 0.0 -3.99346 5.49653 -31.4207
1116 1116 4 0.0 -5.04899 4.54613 -31.4207
1117 1117 4 0.0 -5.49653 3.99346 -32.6513
1118 1118 4 0.0 -6.20671 2.7634 -32.6513
1119 1119 4 0.0 -6.46156 2.09949 -31.4207
1120 1120 4 0.0 -6.75687 0.710175 -31.4207
1121 1121 4 0.0 -6.79408 3.84922e-15 -32.6513
1122 1122 4 0.0 -6.64562 -1.41257 -32.6513
1123 1123 4 0.0 -6.46156 -2.09949 -31.4207
1124 1124 4 0.0 -5.88385 -3.39704 -31.4207
1125 1125 4 0.0 -5.49653 -3.99346 -32.6513
1126 1126 4 0.0 -4.54613 -5.04899 -32.6513
1127 1127 4 0.0 -3.99346 -5.49653 -31.4207
1128 1128 4 0.0 -2.7634 -6.20671 -31.4207
1129 1129 4 0.0 -2.09949 -6.46156 -32.6513
1130 1130 4 0.0 -0.710175 -6.75687 -32.6513
1131 1131 4 0.0 -1.24805e-15 -6.79408 -31.4207
1132 1132 4 0.0 1.41257 -6.64562 -31.4207
1133 1133 4 0.0 2.09949 -6.46156 -32.6513
1134 1134 4 0.0 3.39704 -5.88385 -32.6513
1135 1135 4 0.0 3.99346 -5.49653 -31.4207
1136 1136 4 0.0 5.04899 -4.54613 -31.4207
1137 1137 4 0.0 5.49653 -3.99346 -32.6513
1138 1138 4 0.0 6.20671 -2.7634 -32.6513
1139 1139 4 0.0 6.46156 -2.09949 -31.4207
1140 1140 4 0.0 6.75687 -0.710175 -31.4207
1141 1141 4 0.0 6.79408 0 -30.19
1142 1142 4 0.0 6.64562 1.41257 -30.19
1143 1143 4 0.0 6.46156 2.09949 -28.9594
1144 1144 4 0.0 5.88385 3.39704 -28.9594
1145 1145 4 0.0 5.49653 3.99346 -30.19
1146 1146 4 0.0 4.54613 5.04899 -30.19
1147 1147 4 0.0 3.99346 5.49653 -28.9594
1148 1148 4 0.0 2.7634 6.20671 -28.9594
1149 1149 4 0.0 2.09949 6.46156 -30.19
1150 1150 4 0.0 0.710175 6.75687 -30.19
1151 1151 4 0.0 1.92461e-15 6.79408 -28.9594
1152 1152 4 0.0 -1.41257 6.64562 -28.9594
1153 1153 4 0.0 -2.09949 6.46156 -30.19
1154 1154 4 0.0 -3.39704 5.88385 -30.19
1155 1155 4 0.0 -3.99346 5.49653 -28.9594
1156 1156 4 0.0 -5.04899 4.54613 -28.9594
1157 1157 4 0.0 -5.49653 3.99346 -30.19
1158 1158 4 0.0 -6.20671 2.7634 -30.19
1159 1159 4 0.0 -6.46156 2.09949 -28.9594
1160 1160 4 0.0 -6.75687 0.710175 -28.9594
1161 1161 4 0.0 -6.79408 3.84922e-15 -30.19
1162 1162 4 0.0 -6.64562 -1.41257 -30.19
1163 1163 4 0.0 -6.46156 -2.09949 -28.9594
1164 1164 4 0.0 -5.88385 -3.39704 -28.9594
1165 1165 4 0.0 -5.49653 -3.99346 -30.19
1166 1166 4 0.0 -4.54613 -5.04899 -30.19
1167 1167 4 0.0 -3.99346 -5.49653 -28.9594
1168 1168 4 0.0 -2.7634 -6.20671 -28.9594
1169 1169 4 0.0 -2.09949 -6.46156 -30.19
1170 1170 4 0.0 -0.710175 -6.75687 -30.19
1171 1171 4 0.0 -1.24805e-15 -6.79408 -28.9594
1172 1172 4 0.0 1.41257 -6.64562 -28.9594
1173 1173 4 0.0 2.09949 -6.46156 -30.19
1174 1174 4 0.0 3.39704 -5.88385 -30.19
1175 1175 4 0.0 3.99346 -5.49653 -28.9594
1176 1176 4 0.0 5.04899 -4.54613 -28.9594
1177 1177 4 0.0 5.49653 -3.99346 -30.19
1178 1178 4 0.0 6.20671 -2.7634 -30.19
1179 1179 4 0.0 6.46156 -2.09949 -28.9594
1180 1180 4 0.0 6.75687 -0.710175 -28.9594
1181 1181 4 0.0 6.79408 0 -27.7288
1182 1182 4 0.0 6.64562 1.41257 -27.7288
1183 1183 4 0.0 6.46156 2.09949 -26.4982
1184 1184 4 0.0 5.88385 3.39704 -26.4982
1185 1185 4 0.0 5.49653 3.99346 -27.7288
1186 1186 4 0.0 4.54613 5.04899 -27.7288
1187 1187 4 0.0 3.99346 5.49653 -26.4982
1188 1188 4 0.0 2.7634 6.20671 -26.4982
1189 1189 4 0.0 2.09949 6.46156 -27.7288
1190 1190 4 0.0 0.710175 6.75687 -27.7288
1191 1191 4 0.0 1.92461e-15 6.79408 -26.4982
1192 1192 4 0.0 -1.41257 6.64562 -26.4982
1193 1193 4 0.0 -2.09949 6.46156 -27.7288
1194 1194 4 0.0 -3.39704 5.88385 -27.7288
1195 1195 4 0.0 -3.99346 5.49653 -26.4982
1196 1196 4 0.0 -5.04899 4.54613 -26.4982
1197 1197 4 0.0 -5.49653 3.99346 -27.7288
1198 1198 4 0.0 -6.20671 2.7634 -27.7288
1199 1199 4 0.0 -6.46156 2.09949 -26.4982
1200 1200 4 0.0 -6.75687 0.710175 -26.4982
1201 1201 4 0.0 -6.79408 3.84922e-15 -27.7288
1202 1202 4 0.0 -6.64562 -1.41257 -27.7288
1203 1203 4 0.0 -6.46156 -2.09949 -26.4982
1204 1204 4 0.0 -5.88385 -3.39704 -26.4982
1205 1205 4 0.0 -5.49653 -3.99346 -27.7288
1206 1206 4 0.0 -4.54613 -5.04899 -27.7288
1207 1207 4 0.0 -3.99346 -5.49653 -26.4982
1208 1208 4 0.0 -2.7634 -6.20671 -26.4982
1209 1209 4 0.0 -2.09949 -6.46156 -27.7288
1210 1210 4 0.0 -0.710175 -6.75687 -27.7288
1211 1211 4 0.0 -1.24805e-15 -6.79408 -26.4982
1212 1212 4 0.0 1.41257 -6.64562 -26.4982
1213 1213 4 0.0 2.09949 -6.46156 -27.7288
1214 1214 4 0.0 3.39704 -5.88385 -27.7288
1215 1215 4 0.0 3.99346 -5.49653 -26.4982
1216 1216 4 0.0 5.04899 -4.54613 -26.4982
1217 1217 4 0.0 5.49653 -3.99346 -27.7288
1218 1218 4 0.0 6.20671 -2.7634 -27.7288
1219 1219 4 0.0 6.46156 -2.09949 -26.4982
1220 1220 4 0.0 6.75687 -0.710175 -26.4982
1221 1221 4 0.0 6.79408 0 -25.2676
1222 1222 4 0.0 6.64562 1.41257 -25.2676
1223 1223 4 0.0 6.46156 2.09949 -24.0369
1224 1224 4 0.0 5.88385 3.39704 -24.0369
1225 1225 4 0.0 5.49653 3.99346 -25.2676
1226 1226 4 0.0 4.54613 5.04899 -25.2676
1227 1227 4 0.0 3.99346 5.49653 -24.0369
1228 1228 4 0.0 2.7634 6.20671 -24.0369
1229 1229 4 0.0 2.09949 6.46156 -25.2676
1230 1230 4 0.0 0.710175 6.75687 -25.2676
1231 1231 4 0.0 1.92461e-15 6.79408 -24.0369
1232 1232 4 0.0 -1.41257 6.64562 -24.0369
1233 1233 4 0.0 -2.09949 6.46156 -25.2676
1234 1234 4 0.0 -3.39704 5.88385 -25.2676
1235 1235 4 0.0 -3.99346 5.49653 -24.0369
1236 1236 4 0.0 -5.04899 4.54613 -24.0369
1237 1237 4 0.0 -5.49653 3.99346 -25.2676
1238 1238 4 0.0 -6.20671 2.7634 -25.2676
1239 1239 4 0.0 -6.46156 2.09949 -24.0369
1240 1240 4 0.0 -6.75687 0.710175 -24.0369
1241 1241 4 0.0 -6.79408 3.84922e-15 -25.2676
1242 1242 4 0.0 -6.64562 -1.41257 -25.2676
1243 1243 4 0.0 -6.46156 -2.09949 -24.0369
1244 1244 4 0.0 -5.88385 -3.39704 -24.0369
1245 1245 4 0.0 -5.49653 -3.99346 -25.2676
1246 1246 4 0.0 -4.54613 -5.04899 -25.2676
1247 1247 4 0.0 -3.99346 -5.49653 -24.0369
1248 1248 4 0.0 -2.7634 -6.20671 -24.0369
1249 1249 4 0.0 -2.09949 -6.46156 -25.2676
1250 1250 4 0.0 -0.710175 -6.75687 -25.2676
1251 1251 4 0.0 -1.24805e-15 -6.79408 -24.0369
1252 1252 4 0.0 1.41257 -6.64562 -24.0369
1253 1253 4 0.0 2.09949 -6.46156 -25.2676
1254 1254 4 0.0 3.39704 -5.88385 -25.2676
1255 1255 4 0.0 3.99346 -5.49653 -24.0369
1256 1256 4 0.0 5.04899 -4.54613 -24.0369
1257 1257 4 0.0 5.49653 -3.99346 -25.2676
1258 1258 4 0.0 6.20671 -2.7634 -25.2676
1259 1259 4 0.0 6.46156 -2.09949 -24.0369
1260 1260 4 0.0 6.75687 -0.710175 -24.0369
1261 1261 4 0.0 6.79408 0 -22.8063
1262 1262 4 0.0 6.64562 1.41257 -22.8063
1263 1263 4 0.0 6.46156 2.09949 -21.5757
1264 1264 4 0.0 5.88385 3.39704 -21.5757
1265 1265 4 0.0 5.49653 3.99346 -22.8063
1266 1266 4 0.0 4.54613 5.04899 -22.8063
1267 1267 4 0.0 3.99346 5.49653 -21.5757
1268 1268 4 0.0 2.7634 6.20671 -21.5757
1269 1269 4 0.0 2.09949 6.46156 -22.8063
1270 1270 4 0.0 0.710175 6.75687 -22.8063
1271 1271 4 0.0 1.92461e-15 6.79408 -21.5757
1272 1272 4 0.0 -1.41257 6.64562 -21.5757
1273 1273 4 0.0 -2.09949 6.46156 -22.8063
1274 1274 4 0.0 -3.39704 5.88385 -22.8063
1275 1275 4 0.0 -3.99346 5.49653 -21.5757
1276 1276 4 0.0 -5.04899 4.54613 -21.5757
1277 1277 4 0.0 -5.49653 3.99346 -22.8063
1278 1278 4 0.0 -6.20671 2.7634 -22.8063
1279 1279 4 0.0 -6.46156 2.09949 -21.5757
1280 1280 4 0.0 -6.75687 0.710175 -21.5757
1281 1281 4 0.0 -6.79408 3.84922e-15 -22.8063
1282 1282 4 0.0 -6.64562 -1.41257 -22.8063
1283 1283 4 0.0 -6.46156 -2.09949 -21.5757
1284 1284 4 0.0 -5.88385 -3.39704 -21.5757
1285 1285 4 0.0 -5.49653 -3.99346 -22.8063
1286 1286 4 0.0 -4.54613 -5.04899 -22.8063
1287 1287 4 0.0 -3.99346 -5.49653 -21.5757
1288 1288 4 0.0 -2.7634 -6.20671 -21.5757
1289 1289 4 0.0 -2.09949 -6.46156 -22.8063
1290 1290 4 0.0 -0.710175 -6.75687 -22.8063
1291 1291 4 0.0 -1.24805e-15 -6.79408 -21.5757
1292 1292 4 0.0 1.41257 -6.64562 -21.5757
1293 1293 4 0.0 2.09949 -6.46156 -22.8063
1294 1294 4 0.0 3.39704 -5.88385 -22.8063
1295 1295 4 0.0 3.99346 -5.49653 -21.5757
1296 1296 4 0.0 5.04899 -4.54613 -21.5757
1297 1297 4 0.0 5.49653 -3.99346 -22.8063
1298 1298 4 0.0 6.20671 -2.7634 -22.8063
1299 1299 4 0.0 6.46156 -2.09949 -21.5757
1300 1300 4 0.0 6.75687 -0.710175 -21.5757
1301 1301 4 0.0 6.79408 0 -20.3451
1302 1302 4 0.0 6.64562 1.41257 -20.3451
1303 1303 4 0.0 6.46156 2.09949 -19.1144
1304 1304 4 0.0 5.88385 3.39704 -19.1144
1305 1305 4 0.0 5.49653 3.99346 -20.3451
1306 1306 4 0.0 4.54613 5.04899 -20.3451
1307 1307 4 0.0 3.99346 5.49653 -19.1144
1308 1308 4 0.0 2.7634 6.20671 -19.1144
1309 1309 4 0.0 2.09949 6.46156 -20.3451
1310 1310 4 0.0 0.710175 6.75687 -20.3451
1311 1311 4 0.0 1.92461e-15 6.79408 -19.1144
1312 1312 4 0.0 -1.41257 6.64562 -19.1144
1313 1313 4 0.0 -2.09949 6.46156 -20.3451
1314 1314 4 0.0 -3.39704 5.88385 -20.3451
1315 1315 4 0.0 -3.99346 5.49653 -19.1144
1316 1316 4 0.0 -5.04899 4.54613 -19.1144
1317 1317 4 0.0 -5.49653 3.99346 -20.3451
1318 1318 4 0.0 -6.20671 2.7634 -20.3451
1319 1319 4 0.0 -6.46156 2.09949 -19.1144
1320 1320 4 0.0 -6.75687 0.710175 -19.1144
1321 1321 4 0.0 -6.79408 3.84922e-15 -20.3451
1322 1322 4 0.0 -6.64562 -1.41257 -20.3451
1323 1323 4 0.0 -6.46156 -2.09949 -19.1144
1324 1324 4 0.0 -5.88385 -3.39704 -19.1144
1325 1325 4 0.0 -5.49653 -3.99346 -20.3451
1326 1326 4 0.0 -4.54613 -5.04899 -20.3451
1327 1327 4 0.0 -3.99346 -5.49653 -19.1144
1328 1328 4 0.0 -2.7634 -6.20671 -19.1144
1329 1329 4 0.0 -2.09949 -6.46156 -20.3451
1330 1330 4 0.0 -0.710175 -6.75687 -20.3451
1331 1331 4 0.0 -1.24805e-15 -6.79408 -19.1144
1332 1332 4 0.0 1.41257 -6.64562 -19.1144
1333 1333 4 0.0 2.09949 -6.46156 -20.3451
1334 1334 4 0.0 3.39704 -5.88385 -20.3451
1335 1335 4 0.0 3.99346 -5.49653 -19.1144
1336 1336 4 0.0 5.04899 -4.54613 -19.1144
1337 1337 4 0.0 5.49653 -3.99346 -20.3451
1338 1338 4 0.0 6.20671 -2.7634 -20.3451
1339 1339 4 0.0 6.46156 -2.09949 -19.1144
1340 1340 4 0.0 6.75687 -0.710175 -19.1144
1341 1341 4 0.0 6.79408 0 -17.8838
1342 1342 4 0.0 6.64562 1.41257 -17.8838
1343 1343 4 0.0 6.46156 2.09949 -16.6532
1344 1344 4 0.0 5.88385 3.39704 -16.6532
1345 1345 4 0.0 5.49653 3.99346 -17.8838
1346 1346 4 0.0 4.54613 5.04899 -17.8838
1347 1347 4 0.0 3.99346 5.49653 -16.6532
1348 1348 4 0.0 2.7634 6.20671 -16.6532
1349 1349 4 0.0 2.09949 6.46156 -17.8838
1350 1350 4 0.0 0.710175 6.75687 -17.8838
1351 1351 4 0.0 1.92461e-15 6.79408 -16.6532
1352 1352 4 0.0 -1.41257 6.64562 -16.6532
1353 1353 4 0.0 -2.09949 6.46156 -17.8838
1354 1354 4 0.0 -3.39704 5.88385 -17.8838
1355 1355 4 0.0 -3.99346 5.49653 -16.6532
1356 1356 4 0.0 -5.04899 4.54613 -16.6532
1357 1357 4 0.0 -5.49653 3.99346 -17.8838
1358 1358 4 0.0 -6.20671 2.7634 -17.8838
1359 1359 4 0.0 -6.46156 2.09949 -16.6532
1360 1360 4 0.0 -6.75687 0.710175 -16.6532
1361 1361 4 0.0 -6.79408 3.84922e-15 -17.8838
1362 1362 4 0.0 -6.64562 -1.41257 -17.8838
1363 1363 4 0.0 -6.46156 -2.09949 -16.6532
1364 1364 4 0.0 -5.88385 -3.39704 -16.6532
1365 1365 4 0.0 -5.49653 -3.99346 -17.8838
1366 1366 4 0.0 -4.54613 -5.04899 -17.8838
1367 1367 4 0.0 -3.99346 -5.49653 -16.6532
1368 1368 4 0.0 -2.7634 -6.20671 -16.6532
1369 1369 4 0.0 -2.09949 -6.46156 -17.8838
1370 1370 4 0.0 -0.710175 -6.75687 -17.8838
1371 1371 4 0.0 -1.24805e-15 -6.79408 -16.6532
1372 1372 4 0.0 1.41257 -6.64562 -16.6532
1373 1373 4 0.0 2.09949 -6.46156 -17.8838
1374 1374 4 0.0 3.39704 -5.88385 -17.8838
1375 1375 4 0.0 3.99346 -5.49653 -16.6532
1376 1376 4 0.0 5.04899 -4.54613 -16.6532
1377 1377 4 0.0 5.49653 -3.99346 -17.8838
1378 1378 4 0.0 6.20671 -2.7634 -17.8838
1379 1379 4 0.0 6.46156 -2.09949 -16.6532
1380 1380 4 0.0 6.75687 -0.710175 -16.6532
1381 1381 4 0.0 6.79408 0 -15.4226
1382 1382 4 0.0 6.64562 1.41257 -15.4226
1383 1383 4 0.0 6.46156 2.09949 -14.192
1384 1384 4 0.0 5.88385 3.39704 -14.192
1385 1385 4 0.0 5.49653 3.99346 -15.4226
1386 1386 4 0.0 4.54613 5.04899 -15.4226
1387 1387 4 0.0 3.99346 5.49653 -14.192
1388 1388 4 0.0 2.7634 6.20671 -14.192
1389 1389 4 0.0 2.09949 6.46156 -15.4226
1390 1390 4 0.0 0.710175 6.75687 -15.4226
1391 1391 4 0.0 1.92461e-15 6.79408 -14.192
1392 1392 4 0.0 -1.41257 6.64562 -14.192
1393 1393 4 0.0 -2.09949 6.46156 -15.4226
1394 1394 4 0.0 -3.39704 5.88385 -15.4226
1395 1395 4 0.0 -3.99346 5.49653 -14.192
1396 1396 4 0.0 -5.04899 4.54613 -14.192
1397 1397 4 0.0 -5.49653 3.99346 -15.4226
1398 1398 4 0.0 -6.20671 2.7634 -15.4226
1399 1399 4 0.0 -6.46156 2.09949 -14.192
1400 1400 4 0.0 -6.75687 0.710175 -14.192
1401 1401 4 0.0 -6.79408 3.84922e-15 -15.4226
1402 1402 4 0.0 -6.64562 -1.41257 -15.4226
1403 1403 4 0.0 -6.46156 -2.09949 -14.192
1404 1404 4 0.0 -5.88385 -3.39704 -14.192
1405 1405 4 0.0 -5.49653 -3.99346 -15.4226
1406 1406 4 0.0 -4.54613 -5.04899 -15.4226
1407 1407 4 0.0 -3.99346 -5.49653 -14.192
1408 1408 4 0.0 -2.7634 -6.20671 -14.192
1409 1409 4 0.0 -2.09949 -6.46156 -15.4226
1410 1410 4 0.0 -0.710175 -6.75687 -15.4226
1411 1411 4 0.0 -1.24805e-15 -6.79408 -14.192
1412 1412 4 0.0 1.41257 -6.64562 -14.192
1413 1413 4 0.0 2.09949 -6.46156 -15.4226
1414 1414 4 0.0 3.39704 -5.88385 -15.4226
1415 1415 4 0.0 3.99346 -5.49653 -14.192
1416 1416 4 0.0 5.04899 -4.54613 -14.192
1417 1417 4 0.0 5.49653 -3.99346 -15.4226
1418 1418 4 0.0 6.20671 -2.7634 -15.4226
1419 1419 4 0.0 6.46156 -2.09949 -14.192
1420 1420 4 0.0 6.75687 -0.710175 -14.192
1421 1421 4 0.0 6.79408 0 -12.9613
1422 1422 4 0.0 6.64562 1.41257 -12.9613
1423 1423 4 0.0 6.46156 2.09949 -11.7307
1424 1424 4 0.0 5.88385 3.39704 -11.7307
1425 1425 4 0.0 5.49653 3.99346 -12.9613
1426 1426 4 0.0 4.54613 5.04899 -12.9613
1427 1427 4 0.0 3.99346 5.49653 -11.7307
1428 1428 4 0.0 2.7634 6.20671 -11.7307
1429 1429 4 0.0 2.09949 6.46156 -12.9613
1430 1430 4 0.0 0.710175 6.75687 -12.9613
1431 1431 4 0.0 1.92461e-15 6.79408 -11.7307
1432 1432 4 0.0 -1.41257 6.64562 -11.7307
1433 1433 4 0.0 -2.09949 6.46156 -12.9613
1434 1434 4 0.0 -3.39704 5.88385 -12.9613
1435 1435 4 0.0 -3.99346 5.49653 -11.7307
1436 1436 4 0.0 -5.04899 4.54613 -11.7307
1437 1437 4 0.0 -5.49653 3.99346 -12.9613
1438 1438 4 0.0 -6.20671 2.7634 -12.9613
1439 1439 4 0.0 -6.46156 2.09949 -11.7307
1440 1440 4 0.0 -6.75687 0.710175 -11.7307
1441 1441 4 0.0 -6.79408 3.84922e-15 -12.9613
1442 1442 4 0.0 -6.64562 -1.41257 -12.9613
1443 1443 4 0.0 -6.46156 -2.09949 -11.7307
1444 1444 4 0.0 -5.88385 -3.39704 -11.7307
1445 1445 4 0.0 -5.49653 -3.99346 -12.9613
1446 1446 4 0.0 -4.54613 -5.04899 -12.9613
1447 1447 4 0.0 -3.99346 -5.49653 -11.7307
1448 1448 4 0.0 -2.7634 -6.20671 -11.7307
1449 1449 4 0.0 -2.09949 -6.46156 -12.9613
1450 1450 4 0.0 -0.710175 -6.75687 -12.9613
1451 1451 4 0.0 -1.24805e-15 -6.79408 -11.7307
1452 1452 4 0.0 1.41257 -6.64562 -11.7307
1453 1453 4 0.0 2.09949 -6.46156 -12.9613
1454 1454 4 0.0 3.39704 -5.88385 -12.9613
1455 1455 4 0.0 3.99346 -5.49653 -11.7307
1456 1456 4 0.0 5.04899 -4.54613 -11.7307
1457 1457 4 0.0 5.49653 -3.99346 -12.9613
1458 1458 4 0.0 6.20671 -2.7634 -12.9613
1459 1459 4 0.0 6.46156 -2.09949 -11.7307
1460 1460 4 0.0 6.75687 -0.710175 -11.7307
1461 1461 4 0.0 6.79408 0 -10.5001
1462 1462 4 0.0 6.64562 1.41257 -10.5001
1463 1463 4 0.0 6.46156 2.09949 -9.2695
1464 1464 4 0.0 5.88385 3.39704 -9.2695
1465 1465 4 0.0 5.49653 3.99346 -10.5001
1466 1466 4 0.0 4.54613 5.04899 -10.5001
1467 1467 4 0.0 3.99346 5.49653 -9.2695
1468 1468 4 0.0 2.7634 6.20671 -9.2695
1469 1469 4 0.0 2.09949 6.46156 -10.5001
1470 1470 4 0.0 0.710175 6.75687 -10.5001
1471 1471 4 0.0 1.92461e-15 6.79408 -9.2695
1472 1472 4 0.0 -1.41257 6.64562 -9.2695
1473 1473 4 0.0 -2.09949 6.46156 -10.5001
1474 1474 4 0.0 -3.39704 5.88385 -10.5001
1475 1475 4 0.0 -3.99346 5.49653 -9.2695
1476 1476 4 0.0 -5.04899 4.54613 -9.2695
1477 1477 4 0.0 -5.49653 3.99346 -10.5001
1478 1478 4 0.0 -6.20671 2.7634 -10.5001
1479 1479 4 0.0 -6.46156 2.09949 -9.2695
1480 1480 4 0.0 -6.75687 0.710175 -9.2695
1481 1481 4 0.0 -6.79408 3.84922e-15 -10.5001
1482 1482 4 0.0 -6.64562 -1.41257 -10.5001
1483 1483 4 0.0 -6.46156 -2.09949 -9.2695
1484 1484 4 0.0 -5.88385 -3.39704 -9.2695
1485 1485 4 0.0 -5.49653 -3.99346 -10.5001
1486 1486 4 0.0 -4.54613 -5.04899 -10.5001
1487 1487 4 0.0 -3.99346 -5.49653 -9.2695
1488 1488 4 0.0 -2.7634 -6.20671 -9.2695
1489 1489 4 0.0 -2.09949 -6.46156 -10.5001
1490 1490 4 0.0 -0.710175 -6.75687 -10.5001
1491 1491 4 0.0 -1.24805e-15 -6.79408 -9.2695
1492 1492 4 0.0 1.41257 -6.64562 -9.2695
1493 1493 4 0.0 2.09949 -6.46156 -10.5001
1494 1494 4 0.0 3.39704 -5.88385 -10.5001
1495 1495 4 0.0 3.99346 -5.49653 -9.2695
1496 1496 4 0.0 5.04899 -4.54613 -9.2695
1497 1497 4 0.0 5.49653 -3.99346 -10.5001
1498 1498 4 0.0 6.20671 -2.7634 -10.5001
1499 1499 4 0.0 6.46156 -2.09949 -9.2695
1500 1500 4 0.0 6.75687 -0.710175 -9.2695
1501 1501 4 0.0 6.79408 0 -8.0388
1502 1502 4 0.0 6.64562 1.41257 -8.0388
1503 1503 4 0.0 6.46156 2.09949 -6.8082
1504 1504 4 0.0 5.88385 3.39704 -6.8082
1505 1505 4 0.0 5.49653 3.99346 -8.0388
1506 1506 4 0.0 4.54613 5.04899 -8.0388
1507 1507 4 0.0 3.99346 5.49653 -6.8082
1508 1508 4 0.0 2.7634 6.20671 -6.8082
1509 1509 4 0.0 2.09949 6.46156 -8.0388
1510 1510 4 0.0 0.710175 6.75687 -8.0388
1511 1511 4 0.0 1.92461e-15 6.79408 -6.8082
1512 1512 4 0.0 -1.41257 6.64562 -6.8082
1513 1513 4 0.0 -2.09949 6.46156 -8.0388
1514 1514 4 0.0 -3.39704 5.88385 -8.0388
1515 1515 4 0.0 -3.99346 5.49653 -6.8082
1516 1516 4 0.0 -5.04899 4.54613 -6.8082
1517 1517 4 0.0 -5.49653 3.99346 -8.0388
1518 1518 4 0.0 -6.20671 2.7634 -8.0388
1519 1519 4 0.0 -6.46156 2.09949 -6.8082
1520 1520 4 0.0 -6.75687 0.710175 -6.8082
1521 1521 4 0.0 -6.79408 3.84922e-15 -8.0388
1522 1522 4 0.0 -6.64562 -1.41257 -8.0388
1523 1523 4 0.0 -6.46156 -2.09949 -6.8082
1524 1524 4 0.0 -5.88385 -3.39704 -6.8082
1525 1525 4 0.0 -5.49653 -3.99346 -8.0388
1526 1526 4 0.0 -4.54613 -5.04899 -8.0388
1527 1527 4 0.0 -3.99346 -5.49653 -6.8082
1528 1528 4 0.0 -2.7634 -6.20671 -6.8082
1529 1529 4 0.0 -2.09949 -6.46156 -8.0388
1530 1530 4 0.0 -0.710175 -6.75687 -8.0388
1531 1531 4 0.0 -1.24805e-15 -6.79408 -6.8082
1532 1532 4 0.0 1.41257 -6.64562 -6.8082
1533 1533 4 0.0 2.09949 -6.46156 -8.0388
1534 1534 4 0.0 3.39704 -5.88385 -8.0388
1535 1535 4 0.0 3.99346 -5.49653 -6.8082
1536 1536 4 0.0 5.04899 -4.54613 -6.8082
1537 1537 4 0.0 5.49653 -3.99346 -8.0388
1538 1538 4 0.0 6.20671 -2.7634 -8.0388
1539 1539 4 0.0 6.46156 -2.09949 -6.8082
1540 1540 4 0.0 6.75687 -0.710175 -6.8082
1541 1541 4 0.0 6.79408 0 -5.5776
1542 1542 4 0.0 6.64562 1.41257 -5.5776
1543 1543 4 0.0 6.46156 2.09949 -4.347
1544 1544 4 0.0 5.88385 3.39704 -4.347
1545 1545 4 0.0 5.49653 3.99346 -5.5776
1546 1546 4 0.0 4.54613 5.04899 -5.5776
1547 1547 4 0.0 3.99346 5.49653 -4.347
1548 1548 4 0.0 2.7634 6.20671 -4.347
1549 1549 4 0.0 2.09949 6.46156 -5.5776
1550 1550 4 0.0 0.710175 6.75687 -5.5776
1551 1551 4 0.0 1.92461e-15 6.79408 -4.347
1552 1552 4 0.0 -1.41257 6.64562 -4.347
1553 1553 4 0.0 -2.09949 6.46156 -5.5776
1554 1554 4 0.0 -3.39704 5.88385 -5.5776
1555 1555 4 0.0 -3.99346 5.49653 -4.347
1556 1556 4 0.0 -5.04899 4.54613 -4.347
1557 1557 4 0.0 -5.49653 3.99346 -5.5776
1558 1558 4 0.0 -6.20671 2.7634 -5.5776
1559 1559 4 0.0 -6.46156 2.09949 -4.347
1560 1560 4 0.0 -6.75687 0.710175 -4.347
1561 1561 4 0.0 -6.79408 3.84922e-15 -5.5776
1562 1562 4 0.0 -6.64562 -1.41257 -5.5776
1563 1563 4 0.0 -6.46156 -2.09949 -4.347
1564 1564 4 0.0 -5.88385 -3.39704 -4.347
1565 1565 4 0.0 -5.49653 -3.99346 -5.5776
1566 1566 4 0.0 -4.54613 -5.04899 -5.5776
1567 1567 4 0.0 -3.99346 -5.49653 -4.347
1568 1568 4 0.0 -2.7634 -6.20671 -4.347
1569 1569 4 0.0 -2.09949 -6.46156 -5.5776
1570 1570 4 0.0 -0.710175 -6.75687 -5.5776
1571 1571 4 0.0 -1.24805e-15 -6.79408 -4.347
1572 1572 4 0.0 1.41257 -6.64562 -4.347
1573 1573 4 0.0 2.09949 -6.46156 -5.5776
1574 1574 4 0.0 3.39704 -5.88385 -5.5776
1575 1575 4 0.0 3.99346 -5.49653 -4.347
1576 1576 4 0.0 5.04899 -4.54613 -4.347
1577 1577 4 0.0 5.49653 -3.99346 -5.5776
1578 1578 4 0.0 6.20671 -2.7634 -5.5776
1579 1579 4 0.0 6.46156 -2.09949 -4.347
1580 1580 4 0.0 6.75687 -0.710175 -4.347
1581 1581 4 0.0 6.79408 0 -3.1164
1582 1582 4 0.0 6.64562 1.41257 -3.1164
1583 1583 4 0.0 6.46156 2.09949 -1.8857
1584 1584 4 0.0 5.88385 3.39704 -1.8857
1585 1585 4 0.0 5.49653 3.99346 -3.1164
1586 1586 4 0.0 4.54613 5.04899 -3.1164
1587 1587 4 0.0 3.99346 5.49653 -1.8857
1588 1588 4 0.0 2.7634 6.20671 -1.8857
1589 1589 4 0.0 2.09949 6.46156 -3.1164
1590 1590 4 0.0 0.710175 6.75687 -3.1164
1591 1591 4 0.0 1.92461e-15 6.79408 -1.8857
1592 1592 4 0.0 -1.41257 6.64562 -1.8857
1593 1593 4 0.0 -2.09949 6.46156 -3.1164
1594 1594 4 0.0 -3.39704 5.88385 -3.1164
1595 1595 4 0.0 -3.99346 5.49653 -1.8857
1596 1596 4 0.0 -5.04899 4.54613 -1.8857
1597 1597 4 0.0 -5.49653 3.99346 -3.1164
1598 1598 4 0.0 -6.20671 2.7634 -3.1164
1599 1599 4 0.0 -6.46156 2.09949 -1.8857
1600 1600 4 0.0 -6.75687 0.710175 -1.8857
1601 1601 4 0.0 -6.79408 3.84922e-15 -3.1164
1602 1602 4 0.0 -6.64562 -1.41257 -3.1164
1603 1603 4 0.0 -6.46156 -2.09949 -1.8857
1604 1604 4 0.0 -5.88385 -3.39704 -1.8857
1605 1605 4 0.0 -5.49653 -3.99346 -3.1164
1606 1606 4 0.0 -4.54613 -5.04899 -3.1164
1607 1607 4 0.0 -3.99346 -5.49653 -1.8857
1608 1608 4 0.0 -2.7634 -6.20671 -1.8857
1609 1609 4 0.0 -2.09949 -6.46156 -3.1164
1610 1610 4 0.0 -0.710175 -6.75687 -3.1164
1611 1611 4 0.0 -1.24805e-15 -6.79408 -1.8857
1612 1612 4 0.0 1.41257 -6.64562 -1.8857
1613 1613 4 0.0 2.09949 -6.46156 -3.1164
1614 1614 4 0.0 3.39704 -5.88385 -3.1164
1615 1615 4 0.0 3.99346 -5.49653 -1.8857
1616 1616 4 0.0 5.04899 -4.54613 -1.8857
1617 1617 4 0.0 5.49653 -3.99346 -3.1164
1618 1618 4 0.0 6.20671 -2.7634 -3.1164
1619 1619 4 0.0 6.46156 -2.09949 -1.8857
1620 1620 4 0.0 6.75687 -0.710175 -1.8857
1621 1621 4 0.0 6.79408 0 -0.6551
1622 1622 4 0.0 6.64562 1.41257 -0.6551
1623 1623 4 0.0 6.46156 2.09949 0.5755
1624 1624 4 0.0 5.88385 3.39704 0.5755
1625 1625 4 0.0 5.49653 3.99346 -0.6551
1626 1626 4 0.0 4.54613 5.04899 -0.6551
1627 1627 4 0.0 3.99346 5.49653 0.5755
1628 1628 4 0.0 2.7634 6.20671 0.5755
1629 1629 4 0.0 2.09949 6.46156 -0.6551
1630 1630 4 0.0 0.710175 6.75687 -0.6551
1631 1631 4 0.0 1.92461e-15 6.79408 0.5755
1632 1632 4 0.0 -1.41257 6.64562 0.5755
1633 1633 4 0.0 -2.09949 6.46156 -0.6551
1634 1634 4 0.0 -3.39704 5.88385 -0.6551
1635 1635 4 0.0 -3.99346 5.49653 0.5755
1636 1636 4 0.0 -5.04899 4.54613 0.5755
1637 1637 4 0.0 -5.49653 3.99346 -0.6551
1638 1638 4 0.0 -6.20671 2.7634 -0.6551
1639 1639 4 0.0 -6.46156 2.09949 0.5755
1640 1640 4 0.0 -6.75687 0.710175 0.5755
1641 1641 4 0.0 -6.79408 3.84922e-15 -0.6551
1642 1642 4 0.0 -6.64562 -1.41257 -0.6551
1643 1643 4 0.0 -6.46156 -2.09949 0.5755
1644 1644 4 0.0 -5.88385 -3.39704 0.5755
1645 1645 4 0.0 -5.49653 -3.99346 -0.6551
1646 1646 4 0.0 -4.54613 -5.04899 -0.6551
1647 1647 4 0.0 -3.99346 -5.49653 0.5755
1648 1648 4 0.0 -2.7634 -6.20671 0.5755
1649 1649 4 0.0 -2.09949 -6.46156 -0.6551
1650 1650 4 0.0 -0.710175 -6.75687 -0.6551
1651 1651 4 0.0 -1.24805e-15 -6.79408 0.5755
1652 1652 4 0.0 1.41257 -6.64562 0.5755
1653 1653 4 0.0 2.09949 -6.46156 -0.6551
1654 1654 4 0.0 3.39704 -5.88385 -0.6551
1655 1655 4 0.0 3.99346 -5.49653 0.5755
1656 1656 4 0.0 5.04899 -4.54613 0.5755
1657 1657 4 0.0 5.49653 -3.99346 -0.6551
1658 1658 4 0.0 6.20671 -2.7634 -0.6551
1659 1659 4 0.0 6.46156 -2.09949 0.5755
1660 1660 4 0.0 6.75687 -0.710175 0.5755
1661 1661 4 0.0 6.79408 0 1.8061
1662 1662 4 0.0 6.64562 1.41257 1.8061
1663 1663 4 0.0 6.46156 2.09949 3.0368
1664 1664 4 0.0 5.88385 3.39704 3.0368
1665 1665 4 0.0 5.49653 3.99346 1.8061
1666 1666 4 0.0 4.54613 5.04899 1.8061
1667 1667 4 0.0 3.99346 5.49653 3.0368
1668 1668 4 0.0 2.7634 6.20671 3.0368
1669 1669 4 0.0 2.09949 6.46156 1.8061
1670 1670 4 0.0 0.710175 6.75687 1.8061
1671 1671 4 0.0 1.92461e-15 6.79408 3.0368
1672 1672 4 0.0 -1.41257 6.64562 3.0368
1673 1673 4 0.0 -2.09949 6.46156 1.8061
1674 1674 4 0.0 -3.39704 5.88385 1.8061
1675 1675 4 0.0 -3.99346 5.49653 3.0368
1676 1676 4 0.0 -5.04899 4.54613 3.0368
1677 1677 4 0.0 -5.49653 3.99346 1.8061
1678 1678 4 0.0 -6.20671 2.7634 1.8061
1679 1679 4 0.0 -6.46156 2.09949 3.0368
1680 1680 4 0.0 -6.75687 0.710175 3.0368
1681 1681 4 0.0 -6.79408 3.84922e-15 1.8061
1682 1682 4 0.0 -6.64562 -1.41257 1.8061
1683 1683 4 0.0 -6.46156 -2.09949 3.0368
1684 1684 4 0.0 -5.88385 -3.39704 3.0368
1685 1685 4 0.0 -5.49653 -3.99346 1.8061
1686 1686 4 0.0 -4.54613 -5.04899 1.8061
1687 1687 4 0.0 -3.99346 -5.49653 3.0368
1688 1688 4 0.0 -2.7634 -6.20671 3.0368
1689 1689 4 0.0 -2.09949 -6.46156 1.8061
1690 1690 4 0.0 -0.710175 -6.75687 1.8061
1691 1691 4 0.0 -1.24805e-15 -6.79408 3.0368
1692 1692 4 0.0 1.41257 -6.64562 3.0368
1693 1693 4 0.0 2.09949 -6.46156 1.8061
1694 1694 4 0.0 3.39704 -5.88385 1.8061
1695 1695 4 0.0 3.99346 -5.49653 3.0368
1696 1696 4 0.0 5.04899 -4.54613 3.0368
1697 1697 4 0.0 5.49653 -3.99346 1.8061
1698 1698 4 0.0 6.20671 -2.7634 1.8061
1699 1699 4 0.0 6.46156 -2.09949 3.0368
1700 1700 4 0.0 6.75687 -0.710175 3.0368
1701 1701 4 0.0 6.79408 0 4.2674
1702 1702 4 0.0 6.64562 1.41257 4.2674
1703 1703 4 0.0 6.46156 2.09949 5.498
1704 1704 4 0.0 5.88385 3.39704 5.498
1705 1705 4 0.0 5.49653 3.99346 4.2674
1706 1706 4 0.0 4.54613 5.04899 4.2674
1707 1707 4 0.0 3.99346 5.49653 5.498
1708 1708 4 0.0 2.7634 6.20671 5.498
1709 1709 4 0.0 2.09949 6.46156 4.2674
1710 1710 4 0.0 0.710175 6.75687 4.2674
1711 1711 4 0.0 1.92461e-15 6.79408 5.498
1712 1712 4 0.0 -1.41257 6.64562 5.498
1713 1713 4 0.0 -2.09949 6.46156 4.2674
1714 1714 4 0.0 -3.39704 5.88385 4.2674
1715 1715 4 0.0 -3.99346 5.49653 5.498
1716 1716 4 0.0 -5.04899 4.54613 5.498
1717 1717 4 0.0 -5.49653 3.99346 4.2674
1718 1718 4 0.0 -6.20671 2.7634 4.2674
1719 1719 4 0.0 -6.46156 2.09949 5.498
1720 1720 4 0.0 -6.75687 0.710175 5.498
1721 1721 4 0.0 -6.79408 3.84922e-15 4.2674
1722 1722 4 0.0 -6.64562 -1.41257 4.2674
1723 1723 4 0.0 -6.46156 -2.09949 5.498
1724 1724 4 0.0 -5.88385 -3.39704 5.498
1725 1725 4 0.0 -5.49653 -3.99346 4.2674
1726 1726 4 0.0 -4.54613 -5.04899 4.2674
1727 1727 4 0.0 -3.99346 -5.49653 5.498
1728 1728 4 0.0 -2.7634 -6.20671 5.498
1729 1729 4 0.0 -2.09949 -6.46156 4.2674
1730 1730 4 0.0 -0.710175 -6.75687 4.2674
1731 1731 4 0.0 -1.24805e-15 -6.79408 5.498
1732 1732 4 0.0 1.41257 -6.64562 5.498
1733 1733 4 0.0 2.09949 -6.46156 4.2674
1734 1734 4 0.0 3.39704 -5.88385 4.2674
1735 1735 4 0.0 3.99346 -5.49653 5.498
1736 1736 4 0.0 5.04899 -4.54613 5.498
1737 1737 4 0.0 5.49653 -3.99346 4.2674
1738 1738 4 0.0 6.20671 -2.7634 4.2674
1739 1739 4 0.0 6.46156 -2.09949 5.498
1740 1740 4 0.0 6.75687 -0.710175 5.498
1741 1741 4 0.0 6.79408 0 6.7286
1742 1742 4 0.0 6.64562 1.41257 6.7286
1743 1743 4 0.0 6.46156 2.09949 7.9592
1744 1744 4 0.0 5.88385 3.39704 7.9592
1745 1745 4 0.0 5.49653 3.99346 6.7286
1746 1746 4 0.0 4.54613 5.04899 6.7286
1747 1747 4 0.0 3.99346 5.49653 7.9592
1748 1748 4 0.0 2.7634 6.20671 7.9592
1749 1749 4 0.0 2.09949 6.46156 6.7286
1750 1750 4 0.0 0.710175 6.75687 6.7286
1751 1751 4 0.0 1.92461e-15 6.79408 7.9592
1752 1752 4 0.0 -1.41257 6.64562 7.9592
1753 1753 4 0.0 -2.09949 6.46156 6.7286
1754 1754 4 0.0 -3.39704 5.88385 6.7286
1755 1755 4 0.0 -3.99346 5.49653 7.9592
1756 1756 4 0.0 -5.04899 4.54613 7.9592
1757 1757 4 0.0 -5.49653 3.99346 6.7286
1758 1758 4 0.0 -6.20671 2.7634 6.7286
1759 1759 4 0.0 -6.46156 2.09949 7.9592
1760 1760 4 0.0 -6.75687 0.710175 7.9592
1761 1761 4 0.0 -6.79408 3.84922e-15 6.7286
1762 1762 4 0.0 -6.64562 -1.41257 6.7286
1763 1763 4 0.0 -6.46156 -2.09949 7.9592
1764 1764 4 0.0 -5.88385 -3.39704 7.9592
1765 1765 4 0.0 -5.49653 -3.99346 6.7286
1766 1766 4 0.0 -4.54613 -5.04899 6.7286
1767 1767 4 0.0 -3.99346 -5.49653 7.9592
1768 1768 4 0.0 -2.7634 -6.20671 7.9592
1769 1769 4 0.0 -2.09949 -6.46156 6.7286
1770 1770 4 0.0 -0.710175 -6.75687 6.7286
1771 1771 4 0.0 -1.24805e-15 -6.79408 7.9592
1772 1772 4 0.0 1.41257 -6.64562 7.9592
1773 1773 4 0.0 2.09949 -6.46156 6.7286
1774 1774 4 0.0 3.39704 -5.88385 6.7286
1775 1775 4 0.0 3.99346 -5.49653 7.9592
1776 1776 4 0.0 5.04899 -4.54613 7.9592
1777 1777 4 0.0 5.49653 -3.99346 6.7286
1778 1778 4 0.0 6.20671 -2.7634 6.7286
1779 1779 4 0.0 6.46156 -2.09949 7.9592
1780 1780 4 0.0 6.75687 -0.710175 7.9592
1781 1781 4 0.0 6.79408 0 9.1899
1782 1782 4 0.0 6.64562 1.41257 9.1899
1783 1783 4 0.0 6.46156 2.09949 10.4205
1784 1784 4 0.0 5.88385 3.39704 10.4205
1785 1785 4 0.0 5.49653 3.99346 9.1899
1786 1786 4 0.0 4.54613 5.04899 9.1899
1787 1787 4 0.0 3.99346 5.49653 10.4205
1788 1788 4 0.0 2.7634 6.20671 10.4205
1789 1789 4 0.0 2.09949 6.46156 9.1899
1790 1790 4 0.0 0.710175 6.75687 9.1899
1791 1791 4 0.0 1.92461e-15 6.79408 10.4205
1792 1792 4 0.0 -1.41257 6.64562 10.4205
1793 1793 4 0.0 -2.09949 6.46156 9.1899
1794 1794 4 0.0 -3.39704 5.88385 9.1899
1795 1795 4 0.0 -3.99346 5.49653 10.4205
1796 1796 4 0.0 -5.04899 4.54613 10.4205
1797 1797 4 0.0 -5.49653 3.99346 9.1899
1798 1798 4 0.0 -6.20671 2.7634 9.1899
1799 1799 4 0.0 -6.46156 2.09949 10.4205
1800 1800 4 0.0 -6.75687 0.710175 10.4205
1801 1801 4 0.0 -6.79408 3.84922e-15 9.1899
1802 1802 4 0.0 -6.64562 -1.41257 9.1899
1803 1803 4 0.0 -6.46156 -2.09949 10.4205
1804 1804 4 0.0 -5.88385 -3.39704 10.4205
1805 1805 4 0.0 -5.49653 -3.99346 9.1899
1806 1806 4 0.0 -4.54613 -5.04899 9.1899
1807 1807 4 0.0 -3.99346 -5.49653 10.4205
1808 1808 4 0.0 -2.7634 -6.20671 10.4205
1809 1809 4 0.0 -2.09949 -6.46156 9.1899
1810 1810 4 0.0 -0.710175 -6.75687 9.1899
1811 1811 4 0.0 -1.24805e-15 -6.79408 10.4205
1812 1812 4 0.0 1.41257 -6.64562 10.4205
1813 1813 4 0.0 2.09949 -6.46156 9.1899
1814 1814 4 0.0 3.39704 -5.88385 9.1899
1815 1815 4 0.0 3.99346 -5.49653 10.4205
1816 1816 4 0.0 5.04899 -4.54613 10.4205
1817 1817 4 0.0 5.49653 -3.99346 9.1899
1818 1818 4 0.0 6.20671 -2.7634 9.1899
1819 1819 4 0.0 6.46156 -2.09949 10.4205
1820 1820 4 0.0 6.75687 -0.710175 10.4205
1821 1821 4 0.0 6.79408 0 11.6511
1822 1822 4 0.0 6.64562 1.41257 11.6511
1823 1823 4 0.0 6.46156 2.09949 12.8817
1824 1824 4 0.0 5.88385 3.39704 12.8817
1825 1825 4 0.0 5.49653 3.99346 11.6511
1826 1826 4 0.0 4.54613 5.04899 11.6511
1827 1827 4 0.0 3.99346 5.49653 12.8817
1828 1828 4 0.0 2.7634 6.20671 12.8817
1829 1829 4 0.0 2.09949 6.46156 11.6511
1830 1830 4 0.0 0.710175 6.75687 11.6511
1831 1831 4 0.0 1.92461e-15 6.79408 12.8817
1832 1832 4 0.0 -1.41257 6.64562 12.8817
1833 1833 4 0.0 -2.09949 6.46156 11.6511
1834 1834 4 0.0 -3.39704 5.88385 11.6511
1835 1835 4 0.0 -3.99346 5.49653 12.8817
1836 1836 4 0.0 -5.04899 4.54613 12.8817
1837 1837 4 0.0 -5.49653 3.99346 11.6511
1838 1838 4 0.0 -6.20671 2.7634 11.6511
1839 1839 4 0.0 -6.46156 2.09949 12.8817
1840 1840 4 0.0 -6.75687 0.710175 12.8817
1841 1841 4 0.0 -6.79408 3.84922e-15 11.6511
1842 1842 4 0.0 -6.64562 -1.41257 11.6511
1843 1843 4 0.0 -6.46156 -2.09949 12.8817
1844 1844 4 0.0 -5.88385 -3.39704 12.8817
1845 1845 4 0.0 -5.49653 -3.99346 11.6511
1846 1846 4 0.0 -4.54613 -5.04899 11.6511
1847 1847 4 0.0 -3.99346 -5.49653 12.8817
1848 1848 4 0.0 -2.7634 -6.20671 12.8817
1849 1849 4 0.0 -2.09949 -6.46156 11.6511
1850 1850 4 0.0 -0.710175 -6.75687 11.6511
1851 1851 4 0.0 -1.24805e-15 -6.79408 12.8817
1852 1852 4 0.0 1.41257 -6.64562 12.8817
1853 1853 4 0.0 2.09949 -6.46156 11.6511
1854 1854 4 0.0 3.39704 -5.88385 11.6511
1855 1855 4 0.0 3.99346 -5.49653 12.8817
1856 1856 4 0.0 5.04899 -4.54613 12.8817
1857 1857 4 0.0 5.49653 -3.99346 11.6511
1858 1858 4 0.0 6.20671 -2.7634 11.6511
1859 1859 4 0.0 6.46156 -2.09949 12.8817
1860 1860 4 0.0 6.75687 -0.710175 12.8817
1861 1861 4 0.0 6.79408 0 14.1123
1862 1862 4 0.0 6.64562 1.41257 14.1123
1863 1863 4 0.0 6.46156 2.09949 15.343
1864 1864 4 0.0 5.88385 3.39704 15.343
1865 1865 4 0.0 5.49653 3.99346 14.1123
1866 1866 4 0.0 4.54613 5.04899 14.1123
1867 1867 4 0.0 3.99346 5.49653 15.343
1868 1868 4 0.0 2.7634 6.20671 15.343
1869 1869 4 0.0 2.09949 6.46156 14.1123
1870 1870 4 0.0 0.710175 6.75687 14.1123
1871 1871 4 0.0 1.92461e-15 6.79408 15.343
1872 1872 4 0.0 -1.41257 6.64562 15.343
1873 1873 4 0.0 -2.09949 6.46156 14.1123
1874 1874 4 0.0 -3.39704 5.88385 14.1123
1875 1875 4 0.0 -3.99346 5.49653 15.343
1876 1876 4 0.0 -5.04899 4.54613 15.343
1877 1877 4 0.0 -5.49653 3.99346 14.1123
1878 1878 4 0.0 -6.20671 2.7634 14.1123
1879 1879 4 0.0 -6.46156 2.09949 15.343
1880 1880 4 0.0 -6.75687 0.710175 15.343
1881 1881 4 0.0 -6.79408 3.84922e-15 14.1123
1882 1882 4 0.0 -6.64562 -1.41257 14.1123
1883 1883 4 0.0 -6.46156 -2.09949 15.343
1884 1884 4 0.0 -5.88385 -3.39704 15.343
1885 1885 4 0.0 -5.49653 -3.99346 14.1123
1886 1886 4 0.0 -4.54613 -5.04899 14.1123
1887 1887 4 0.0 -3.99346 -5.49653 15.343
1888 1888 4 0.0 -2.7634 -6.20671 15.343
1889 1889 4 0.0 -2.09949 -6.46156 14.1123
1890 1890 4 0.0 -0.710175 -6.75687 14.1123
1891 1891 4 0.0 -1.24805e-15 -6.79408 15.343
1892 1892 4 0.0 1.41257 -6.64562 15.343
1893 1893 4 0.0 2.09949 -6.46156 14.1123
1894 1894 4 0.0 3.39704 -5.88385 14.1123
1895 1895 4 0.0 3.99346 -5.49653 15.343
1896 1896 4 0.0 5.04899 -4.54613 15.343
1897 1897 4 0.0 5.49653 -3.99346 14.1123
1898 1898 4 0.0 6.20671 -2.7634 14.1123
1899 1899 4 0.0 6.46156 -2.09949 15.343
1900 1900 4 0.0 6.75687 -0.710175 15.343
1901 1901 4 0.0 6.79408 0 16.5736
1902 1902 4 0.0 6.64562 1.41257 16.5736
1903 1903 4 0.0 6.46156 2.09949 17.8042
1904 1904 4 0.0 5.88385 3.39704 17.8042
1905 1905 4 0.0 5.49653 3.99346 16.5736
1906 1906 4 0.0 4.54613 5.04899 16.5736
1907 1907 4 0.0 3.99346 5.49653 17.8042
1908 1908 4 0.0 2.7634 6.20671 17.8042
1909 1909 4 0.0 2.09949 6.46156 16.5736
1910 1910 4 0.0 0.710175 6.75687 16.5736
1911 1911 4 0.0 1.92461e-15 6.79408 17.8042
1912 1912 4 0.0 -1.41257 6.64562 17.8042
1913 1913 4 0.0 -2.09949 6.46156 16.5736
1914 1914 4 0.0 -3.39704 5.88385 16.5736
1915 1915 4 0.0 -3.99346 5.49653 17.8042
1916 1916 4 0.0 -5.04899 4.54613 17.8042
1917 1917 4 0.0 -5.49653 3.99346 16.5736
1918 1918 4 0.0 -6.20671 2.7634 16.5736
1919 1919 4 0.0 -6.46156 2.09949 17.8042
1920 1920 4 0.0 -6.75687 0.710175 17.8042
1921 1921 4 0.0 -6.79408 3.84922e-15 16.5736
1922 1922 4 0.0 -6.64562 -1.41257 16.5736
1923 1923 4 0.0 -6.46156 -2.09949 17.8042
1924 1924 4 0.0 -5.88385 -3.39704 17.8042
1925 1925 4 0.0 -5.49653 -3.99346 16.5736
1926 1926 4 0.0 -4.54613 -5.04899 16.5736
1927 1927 4 0.0 -3.99346 -5.49653 17.8042
1928 1928 4 0.0 -2.7634 -6.20671 17.8042
1929 1929 4 0.0 -2.09949 -6.46156 16.5736
1930 1930 4 0.0 -0.710175 -6.75687 16.5736
1931 1931 4 0.0 -1.24805e-15 -6.79408 17.8042
1932 1932 4 0.0 1.41257 -6.64562 17.8042
1933 1933 4 0.0 2.09949 -6.46156 16.5736
1934 1934 4 0.0 3.39704 -5.88385 16.5736
1935 1935 4 0.0 3.99346 -5.49653 17.8042
1936 1936 4 0.0 5.04899 -4.54613 17.8042
1937 1937 4 0.0 5.49653 -3.99346 16.5736
1938 1938 4 0.0 6.20671 -2.7634 16.5736
1939 1939 4 0.0 6.46156 -2.09949 17.8042
1940 1940 4 0.0 6.75687 -0.710175 17.8042
1941 1941 4 0.0 6.79408 0 19.0348
1942 1942 4 0.0 6.64562 1.41257 19.0348
1943 1943 4 0.0 6.46156 2.09949 20.2655
1944 1944 4 0.0 5.88385 3.39704 20.2655
1945 1945 4 0.0 5.49653 3.99346 19.0348
1946 1946 4 0.0 4.54613 5.04899 19.0348
1947 1947 4 0.0 3.99346 5.49653 20.2655
1948 1948 4 0.0 2.7634 6.20671 20.2655
1949 1949 4 0.0 2.09949 6.46156 19.0348
1950 1950 4 0.0 0.710175 6.75687 19.0348
1951 1951 4 0.0 1.92461e-15 6.79408 20.2655
1952 1952 4 0.0 -1.41257 6.64562 20.2655
1953 1953 4 0.0 -2.09949 6.46156 19.0348
1954 1954 4 0.0 -3.39704 5.88385 19.0348
1955 1955 4 0.0 -3.99346 5.49653 20.2655
1956 1956 4 0.0 -5.04899 4.54613 20.2655
1957 1957 4 0.0 -5.49653 3.99346 19.0348
1958 1958 4 0.0 -6.20671 2.7634 19.0348
1959 1959 4 0.0 -6.46156 2.09949 20.2655
1960 1960 4 0.0 -6.75687 0.710175 20.2655
1961 1961 4 0.0 -6.79408 3.84922e-15 19.0348
1962 1962 4 0.0 -6.64562 -1.41257 19.0348
1963 1963 4 0.0 -6.46156 -2.09949 20.2655
1964 1964 4 0.0 -5.88385 -3.39704 20.2655
1965 1965 4 0.0 -5.49653 -3.99346 19.0348
1966 1966 4 0.0 -4.54613 -5.04899 19.0348
1967 1967 4 0.0 -3.99346 -5.49653 20.2655
1968 1968 4 0.0 -2.7634 -6.20671 20.2655
1969 1969 4 0.0 -2.09949 -6.46156 19.0348
1970 1970 4 0.0 -0.710175 -6.75687 19.0348
1971 1971 4 0.0 -1.24805e-15 -6.79408 20.2655
1972 1972 4 0.0 1.41257 -6.64562 20.2655
1973 1973 4 0.0 2.09949 -6.46156 19.0348
1974 1974 4 0.0 3.39704 -5.88385 19.0348
1975 1975 4 0.0 3.99346 -5.49653 20.2655
1976 1976 4 0.0 5.04899 -4.54613 20.2655
1977 1977 4 0.0 5.49653 -3.99346 19.0348
1978 1978 4 0.0 6.20671 -2.7634 19.0348
1979 1979 4 0.0 6.46156 -2.09949 20.2655
1980 1980 4 0.0 6.75687 -0.710175 20.2655
1981 1981 4 0.0 6.79408 0 21.4961
1982 1982 4 0.0 6.64562 1.41257 21.4961
1983 1983 4 0.0 6.46156 2.09949 22.7267
1984 1984 4 0.0 5.88385 3.39704 22.7267
1985 1985 4 0.0 5.49653 3.99346 21.4961
1986 1986 4 0.0 4.54613 5.04899 21.4961
1987 1987 4 0.0 3.99346 5.49653 22.7267
1988 1988 4 0.0 2.7634 6.20671 22.7267
1989 1989 4 0.0 2.09949 6.46156 21.4961
1990 1990 4 0.0 0.710175 6.75687 21.4961
1991 1991 4 0.0 1.92461e-15 6.79408 22.7267
1992 1992 4 0.0 -1.41257 6.64562 22.7267
1993 1993 4 0.0 -2.09949 6.46156 21.4961
1994 1994 4 0.0 -3.39704 5.88385 21.4961
1995 1995 4 0.0 -3.99346 5.49653 22.7267
1996 1996 4 0.0 -5.04899 4.54613 22.7267
1997 1997 4 0.0 -5.49653 3.99346 21.4961
1998 1998 4 0.0 -6.20671 2.7634 21.4961
1999 1999 4 0.0 -6.46156 2.09949 22.7267
2000 2000 4 0.0 -6.75687 0.710175 22.7267
2001 2001 4 0.0 -6.79408 3.84922e-15 21.4961
2002 2002 4 0.0 -6.64562 -1.41257 21.4961
2003 2003 4 0.0 -6.46156 -2.09949 22.7267
2004 2004 4 0.0 -5.88385 -3.39704 22.7267
2005 2005 4 0.0 -5.49653 -3.99346 21.4961
2006 2006 4 0.0 -4.54613 -5.04899 21.4961
2007 2007 4 0.0 -3.99346 -5.49653 22.7267
2008 2008 4 0.0 -2.7634 -6.20671 22.7267
2009 2009 4 0.0 -2.09949 -6.46156 21.4961
2010 2010 4 0.0 -0.710175 -6.75687 21.4961
2011 2011 4 0.0 -1.24805e-15 -6.79408 22.7267
2012 2012 4 0.0 1.41257 -6.64562 22.7267
2013 2013 4 0.0 2.09949 -6.46156 21.4961
2014 2014 4 0.0 3.39704 -5.88385 21.4961
2015 2015 4 0.0 3.99346 -5.49653 22.7267
2016 2016 4 0.0 5.04899 -4.54613 22.7267
2017 2017 4 0.0 5.49653 -3.99346 21.4961
2018 2018 4 0.0 6.20671 -2.7634 21.4961
2019 2019 4 0.0 6.46156 -2.09949 22.7267
2020 2020 4 0.0 6.75687 -0.710175 22.7267
2021 2021 4 0.0 6.79408 0 23.9573
2022 2022 4 0.0 6.64562 1.41257 23.9573
2023 2023 4 0.0 6.46156 2.09949 25.1879
2024 2024 4 0.0 5.88385 3.39704 25.1879
2025 2025 4 0.0 5.49653 3.99346 23.9573
2026 2026 4 0.0 4.54613 5.04899 23.9573
2027 2027 4 0.0 3.99346 5.49653 25.1879
2028 2028 4 0.0 2.7634 6.20671 25.1879
2029 2029 4 0.0 2.09949 6.46156 23.9573
2030 2030 4 0.0 0.710175 6.75687 23.9573
2031 2031 4 0.0 1.92461e-15 6.79408 25.1879
2032 2032 4 0.0 -1.41257 6.64562 25.1879
2033 2033 4 0.0 -2.09949 6.46156 23.9573
2034 2034 4 0.0 -3.39704 5.88385 23.9573
2035 2035 4 0.0 -3.99346 5.49653 25.1879
2036 2036 4 0.0 -5.04899 4.54613 25.1879
2037 2037 4 0.0 -5.49653 3.99346 23.9573
2038 2038 4 0.0 -6.20671 2.7634 23.9573
2039 2039 4 0.0 -6.46156 2.09949 25.1879
2040 2040 4 0.0 -6.75687 0.710175 25.1879
2041 2041 4 0.0 -6.79408 3.84922e-15 23.9573
2042 2042 4 0.0 -6.64562 -1.41257 23.9573
2043 2043 4 0.0 -6.46156 -2.09949 25.1879
2044 2044 4 0.0 -5.88385 -3.39704 25.1879
2045 2045 4 0.0 -5.49653 -3.99346 23.9573
2046 2046 4 0.0 -4.54613 -5.04899 23.9573
2047 2047 4 0.0 -3.99346 -5.49653 25.1879
2048 2048 4 0.0 -2.7634 -6.20671 25.1879
2049 2049 4 0.0 -2.09949 -6.46156 23.9573
2050 2050 4 0.0 -0.710175 -6.75687 23.9573
2051 2051 4 0.0 -1.24805e-15 -6.79408 25.1879
2052 2052 4 0.0 1.41257 -6.64562 25.1879
2053 2053 4 0.0 2.09949 -6.46156 23.9573
2054 2054 4 0.0 3.39704 -5.88385 23.9573
2055 2055 4 0.0 3.99346 -5.49653 25.1879
2056 2056 4 0.0 5.04899 -4.54613 25.1879
2057 2057 4 0.0 5.49653 -3.99346 23.9573
2058 2058 4 0.0 6.20671 -2.7634 23.9573
2059 2059 4 0.0 6.46156 -2.09949 25.1879
2060 2060 4 0.0 6.75687 -0.710175 25.1879
2061 2061 4 0.0 6.79408 0 26.4186
2062 2062 4 0.0 6.64562 1.41257 26.4186
2063 2063 4 0.0 6.46156 2.09949 27.6492
2064 2064 4 0.0 5.88385 3.39704 27.6492
2065 2065 4 0.0 5.49653 3.99346 26.4186
2066 2066 4 0.0 4.54613 5.04899 26.4186
2067 2067 4 0.0 3.99346 5.49653 27.6492
2068 2068 4 0.0 2.7634 6.20671 27.6492
2069 2069 4 0.0 2.09949 6.46156 26.4186
2070 2070 4 0.0 0.710175 6.75687 26.4186
2071 2071 4 0.0 1.92461e-15 6.79408 27.6492
2072 2072 4 0.0 -1.41257 6.64562 27.6492
2073 2073 4 0.0 -2.09949 6.46156 26.4186
2074 2074 4 0.0 -3.39704 5.88385 26.4186
2075 2075 4 0.0 -3.99346 5.49653 27.6492
2076 2076 4 0.0 -5.04899 4.54613 27.6492
2077 2077 4 0.0 -5.49653 3.99346 26.4186
2078 2078 4 0.0 -6.20671 2.7634 26.4186
2079 2079 4 0.0 -6.46156 2.09949 27.6492
2080 2080 4 0.0 -6.75687 0.710175 27.6492
2081 2081 4 0.0 -6.79408 3.84922e-15 26.4186
2082 2082 4 0.0 -6.64562 -1.41257 26.4186
2083 2083 4 0.0 -6.46156 -2.09949 27.6492
2084 2084 4 0.0 -5.88385 -3.39704 27.6492
2085 2085 4 0.0 -5.49653 -3.99346 26.4186
2086 2086 4 0.0 -4.54613 -5.04899 26.4186
2087 2087 4 0.0 -3.99346 -5.49653 27.6492
2088 2088 4 0.0 -2.7634 -6.20671 27.6492
2089 2089 4 0.0 -2.09949 -6.46156 26.4186
2090 2090 4 0.0 -0.710175 -6.75687 26.4186
2091 2091 4 0.0 -1.24805e-15 -6.79408 27.6492
2092 2092 4 0.0 1.41257 -6.64562 27.6492
2093 2093 4 0.0 2.09949 -6.46156 26.4186
2094 2094 4 0.0 3.39704 -5.88385 26.4186
2095 2095 4 0.0 3.99346 -5.49653 27.6492
2096 2096 4 0.0 5.04899 -4.54613 27.6492
2097 2097 4 0.0 5.49653 -3.99346 26.4186
2098 2098 4 0.0 6.20671 -2.7634 26.4186
2099 2099 4 0.0 6.46156 -2.09949 27.6492
2100 2100 4 0.0 6.75687 -0.710175 27.6492
2101 2101 4 0.0 6.79408 0 28.8798
2102 2102 4 0.0 6.64562 1.41257 28.8798
2103 2103 4 0.0 6.46156 2.09949 30.1104
2104 2104 4 0.0 5.88385 3.39704 30.1104
2105 2105 4 0.0 5.49653 3.99346 28.8798
2106 2106 4 0.0 4.54613 5.04899 28.8798
2107 2107 4 0.0 3.99346 5.49653 30.1104
2108 2108 4 0.0 2.7634 6.20671 30.1104
2109 2109 4 0.0 2.09949 6.46156 28.8798
2110 2110 4 0.0 0.710175 6.75687 28.8798
2111 2111 4 0.0 1.92461e-15 6.79408 30.1104
2112 2112 4 0.0 -1.41257 6.64562 30.1104
2113 2113 4 0.0 -2.09949 6.46156 28.8798
2114 2114 4 0.0 -3.39704 5.88385 28.8798
2115 2115 4 0.0 -3.99346 5.49653 30.1104
2116 2116 4 0.0 -5.04899 4.54613 30.1104
2117 2117 4 0.0 -5.49653 3.99346 28.8798
2118 2118 4 0.0 -6.20671 2.7634 28.8798
2119 2119 4 0.0 -6.46156 2.09949 30.1104
2120 2120 4 0.0 -6.75687 0.710175 30.1104
2121 2121 4 0.0 -6.79408 3.84922e-15 28.8798
2122 2122 4 0.0 -6.64562 -1.41257 28.8798
2123 2123 4 0.0 -6.46156 -2.09949 30.1104
2124 2124 4 0.0 -5.88385 -3.39704 30.1104
2125 2125 4 0.0 -5.49653 -3.99346 28.8798
2126 2126 4 0.0 -4.54613 -5.04899 28.8798
2127 2127 4 0.0 -3.99346 -5.49653 30.1104
2128 2128 4 0.0 -2.7634 -6.20671 30.1104
2129 2129 4 0.0 -2.09949 -6.46156 28.8798
2130 2130 4 0.0 -0.710175 -6.75687 28.8798
2131 2131 4 0.0 -1.24805e-15 -6.79408 30.1104
2132 2132 4 0.0 1.41257 -6.64562 30.1104
2133 2133 4 0.0 2.09949 -6.46156 28.8798
2134 2134 4 0.0 3.39704 -5.88385 28.8798
2135 2135 4 0.0 3.99346 -5.49653 30.1104
2136 2136 4 0.0 5.04899 -4.54613 30.1104
2137 2137 4 0.0 5.49653 -3.99346 28.8798
2138 2138 4 0.0 6.20671 -2.7634 28.8798
2139 2139 4 0.0 6.46156 -2.09949 30.1104
2140 2140 4 0.0 6.75687 -0.710175 30.1104
2141 2141 4 0.0 6.79408 0 31.3411
2142 2142 4 0.0 6.64562 1.41257 31.3411
2143 2143 4 0.0 6.46156 2.09949 32.5717
2144 2144 4 0.0 5.88385 3.39704 32.5717
2145 2145 4 0.0 5.49653 3.99346 31.3411
2146 2146 4 0.0 4.54613 5.04899 31.3411
2147 2147 4 0.0 3.99346 5.49653 32.5717
2148 2148 4 0.0 2.7634 6.20671 32.5717
2149 2149 4 0.0 2.09949 6.46156 31.3411
2150 2150 4 0.0 0.710175 6.75687 31.3411
2151 2151 4 0.0 1.92461e-15 6.79408 32.5717
2152 2152 4 0.0 -1.41257 6.64562 32.5717
2153 2153 4 0.0 -2.09949 6.46156 31.3411
2154 2154 4 0.0 -3.39704 5.88385 31.3411
2155 2155 4 0.0 -3.99346 5.49653 32.5717
2156 2156 4 0.0 -5.04899 4.54613 32.5717
2157 2157 4 0.0 -5.49653 3.99346 31.3411
2158 2158 4 0.0 -6.20671 2.7634 31.3411
2159 2159 4 0.0 -6.46156 2.09949 32.5717
2160 2160 4 0.0 -6.75687 0.710175 32.5717
2161 2161 4 0.0 -6.79408 3.84922e-15 31.3411
2162 2162 4 0.0 -6.64562 -1.41257 31.3411
2163 2163 4 0.0 -6.46156 -2.09949 32.5717
2164 2164 4 0.0 -5.88385 -3.39704 32.5717
2165 2165 4 0.0 -5.49653 -3.99346 31.3411
2166 2166 4 0.0 -4.54613 -5.04899 31.3411
2167 2167 4 0.0 -3.99346 -5.49653 32.5717
2168 2168 4 0.0 -2.7634 -6.20671 32.5717
2169 2169 4 0.0 -2.09949 -6.46156 31.3411
2170 2170 4 0.0 -0.710175 -6.75687 31.3411
2171 2171 4 0.0 -1.24805e-15 -6.79408 32.5717
2172 2172 4 0.0 1.41257 -6.64562 32.5717
2173 2173 4 0.0 2.09949 -6.46156 31.3411
2174 2174 4 0.0 3.39704 -5.88385 31.3411
2175 2175 4 0.0 3.99346 -5.49653 32.5717
2176 2176 4 0.0 5.04899 -4.54613 32.5717
2177 2177 4 0.0 5.49653 -3.99346 31.3411
2178 2178 4 0.0 6.20671 -2.7634 31.3411
2179 2179 4 0.0 6.46156 -2.09949 32.5717
2180 2180 4 0.0 6.75687 -0.710175 32.5717
2181 2181 4 0.0 6.79408 0 33.8023
2182 2182 4 0.0 6.64562 1.41257 33.8023
2183 2183 4 0.0 6.46156 2.09949 35.0329
2184 2184 4 0.0 5.88385 3.39704 35.0329
2185 2185 4 0.0 5.49653 3.99346 33.8023
2186 2186 4 0.0 4.54613 5.04899 33.8023
2187 2187 4 0.0 3.99346 5.49653 35.0329
2188 2188 4 0.0 2.7634 6.20671 35.0329
2189 2189 4 0.0 2.09949 6.46156 33.8023
2190 2190 4 0.0 0.710175 6.75687 33.8023
2191 2191 4 0.0 1.92461e-15 6.79408 35.0329
2192 2192 4 0.0 -1.41257 6.64562 35.0329
2193 2193 4 0.0 -2.09949 6.46156 33.8023
2194 2194 4 0.0 -3.39704 5.88385 33.8023
2195 2195 4 0.0 -3.99346 5.49653 35.0329
2196 2196 4 0.0 -5.04899 4.54613 35.0329
2197 2197 4 0.0 -5.49653 3.99346 33.8023
2198 2198 4 0.0 -6.20671 2.7634 33.8023
2199 2199 4 0.0 -6.46156 2.09949 35.0329
2200 2200 4 0.0 -6.75687 0.710175 35.0329
2201 2201 4 0.0 -6.79408 3.84922e-15 33.8023
2202 2202 4 0.0 -6.64562 -1.41257 33.8023
2203 2203 4 0.0 -6.46156 -2.09949 35.0329
2204 2204 4 0.0 -5.88385 -3.39704 35.0329
2205 2205 4 0.0 -5.49653 -3.99346 33.8023
2206 2206 4 0.0 -4.54613 -5.04899 33.8023
2207 2207 4 0.0 -3.99346 -5.49653 35.0329
2208 2208 4 0.0 -2.7634 -6.20671 35.0329
2209 2209 4 0.0 -2.09949 -6.46156 33.8023
2210 2210 4 0.0 -0.710175 -6.75687 33.8023
2211 2211 4 0.0 -1.24805e-15 -6.79408 35.0329
2212 2212 4 0.0 1.41257 -6.64562 35.0329
2213 2213 4 0.0 2.09949 -6.46156 33.8023
2214 2214 4 0.0 3.39704 -5.88385 33.8023
2215 2215 4 0.0 3.99346 -5.49653 35.0329
2216 2216 4 0.0 5.04899 -4.54613 35.0329
2217 2217 4 0.0 5.49653 -3.99346 33.8023
2218 2218 4 0.0 6.20671 -2.7634 33.8023
2219 2219 4 0.0 6.46156 -2.09949 35.0329
2220 2220 4 0.0 6.75687 -0.710175 35.0329
2221 2221 4 0.0 6.79408 0 36.2635
2222 2222 4 0.0 6.64562 1.41257 36.2635
2223 2223 4 0.0 6.46156 2.09949 37.4942
2224 2224 4 0.0 5.88385 3.39704 37.4942
2225 2225 4 0.0 5.49653 3.99346 36.2635
2226 2226 4 0.0 4.54613 5.04899 36.2635
2227 2227 4 0.0 3.99346 5.49653 37.4942
2228 2228 4 0.0 2.7634 6.20671 37.4942
2229 2229 4 0.0 2.09949 6.46156 36.2635
2230 2230 4 0.0 0.710175 6.75687 36.2635
2231 2231 4 0.0 1.92461e-15 6.79408 37.4942
2232 2232 4 0.0 -1.41257 6.64562 37.4942
2233 2233 4 0.0 -2.09949 6.46156 36.2635
2234 2234 4 0.0 -3.39704 5.88385 36.2635
2235 2235 4 0.0 -3.99346 5.49653 37.4942
2236 2236 4 0.0 -5.04899 4.54613 37.4942
2237 2237 4 0.0 -5.49653 3.99346 36.2635
2238 2238 4 0.0 -6.20671 2.7634 36.2635
2239 2239 4 0.0 -6.46156 2.09949 37.4942
2240 2240 4 0.0 -6.75687 0.710175 37.4942
2241 2241 4 0.0 -6.79408 3.84922e-15 36.2635
2242 2242 4 0.0 -6.64562 -1.41257 36.2635
2243 2243 4 0.0 -6.46156 -2.09949 37.4942
2244 2244 4 0.0 -5.88385 -3.39704 37.4942
2245 2245 4 0.0 -5.49653 -3.99346 36.2635
2246 2246 4 0.0 -4.54613 -5.04899 36.2635
2247 2247 4 0.0 -3.99346 -5.49653 37.4942
2248 2248 4 0.0 -2.7634 -6.20671 37.4942
2249 2249 4 0.0 -2.09949 -6.46156 36.2635
2250 2250 4 0.0 -0.710175 -6.75687 36.2635
2251 2251 4 0.0 -1.24805e-15 -6.79408 37.4942
2252 2252 4 0.0 1.41257 -6.64562 37.4942
2253 2253 4 0.0 2.09949 -6.46156 36.2635
2254 2254 4 0.0 3.39704 -5.88385 36.2635
2255 2255 4 0.0 3.99346 -5.49653 37.4942
2256 2256 4 0.0 5.04899 -4.54613 37.4942
2257 2257 4 0.0 5.49653 -3.99346 36.2635
2258 2258 4 0.0 6.20671 -2.7634 36.2635
2259 2259 4 0.0 6.46156 -2.09949 37.4942
2260 2260 4 0.0 6.75687 -0.710175 37.4942
2261 2261 4 0.0 6.79408 0 38.7248
2262 2262 4 0.0 6.64562 1.41257 38.7248
2263 2263 4 0.0 6.46156 2.09949 39.9554
2264 2264 4 0.0 5.88385 3.39704 39.9554
2265 2265 4 0.0 5.49653 3.99346 38.7248
2266 2266 4 0.0 4.54613 5.04899 38.7248
2267 2267 4 0.0 3.99346 5.49653 39.9554
2268 2268 4 0.0 2.7634 6.20671 39.9554
2269 2269 4 0.0 2.09949 6.46156 38.7248
2270 2270 4 0.0 0.710175 6.75687 38.7248
2271 2271 4 0.0 1.92461e-15 6.79408 39.9554
2272 2272 4 0.0 -1.41257 6.64562 39.9554
2273 2273 4 0.0 -2.09949 6.46156 38.7248
2274 2274 4 0.0 -3.39704 5.88385 38.7248
2275 2275 4 0.0 -3.99346 5.49653 39.9554
2276 2276 4 0.0 -5.04899 4.54613 39.9554
2277 2277 4 0.0 -5.49653 3.99346 38.7248
2278 2278 4 0.0 -6.20671 2.7634 38.7248
2279 2279 4 0.0 -6.46156 2.09949 39.9554
2280 2280 4 0.0 -6.75687 0.710175 39.9554
2281 2281 4 0.0 -6.79408 3.84922e-15 38.7248
2282 2282 4 0.0 -6.64562 -1.41257 38.7248
2283 2283 4 0.0 -6.46156 -2.09949 39.9554
2284 2284 4 0.0 -5.88385 -3.39704 39.9554
2285 2285 4 0.0 -5.49653 -3.99346 38.7248
2286 2286 4 0.0 -4.54613 -5.04899 38.7248
2287 2287 4 0.0 -3.99346 -5.49653 39.9554
2288 2288 4 0.0 -2.7634 -6.20671 39.9554
2289 2289 4 0.0 -2.09949 -6.46156 38.7248
2290 2290 4 0.0 -0.710175 -6.75687 38.7248
2291 2291 4 0.0 -1.24805e-15 -6.79408 39.9554
2292 2292 4 0.0 1.41257 -6.64562 39.9554
2293 2293 4 0.0 2.09949 -6.46156 38.7248
2294 2294 4 0.0 3.39704 -5.88385 38.7248
2295 2295 4 0.0 3.99346 -5.49653 39.9554
2296 2296 4 0.0 5.04899 -4.54613 39.9554
2297 2297 4 0.0 5.49653 -3.99346 38.7248
2298 2298 4 0.0 6.20671 -2.7634 38.7248
2299 2299 4 0.0 6.46156 -2.09949 39.9554
2300 2300 4 0.0 6.75687 -0.710175 39.9554
2301 2301 4 0.0 6.79408 0 41.186
2302 2302 4 0.0 6.64562 1.41257 41.186
2303 2303 4 0.0 6.46156 2.09949 42.4167
2304 2304 4 0.0 5.88385 3.39704 42.4167
2305 2305 4 0.0 5.49653 3.99346 41.186
2306 2306 4 0.0 4.54613 5.04899 41.186
2307 2307 4 0.0 3.99346 5.49653 42.4167
2308 2308 4 0.0 2.7634 6.20671 42.4167
2309 2309 4 0.0 2.09949 6.46156 41.186
2310 2310 4 0.0 0.710175 6.75687 41.186
2311 2311 4 0.0 1.92461e-15 6.79408 42.4167
2312 2312 4 0.0 -1.41257 6.64562 42.4167
2313 2313 4 0.0 -2.09949 6.46156 41.186
2314 2314 4 0.0 -3.39704 5.88385 41.186
2315 2315 4 0.0 -3.99346 5.49653 42.4167
2316 2316 4 0.0 -5.04899 4.54613 42.4167
2317 2317 4 0.0 -5.49653 3.99346 41.186
2318 2318 4 0.0 -6.20671 2.7634 41.186
2319 2319 4 0.0 -6.46156 2.09949 42.4167
2320 2320 4 0.0 -6.75687 0.710175 42.4167
2321 2321 4 0.0 -6.79408 3.84922e-15 41.186
2322 2322 4 0.0 -6.64562 -1.41257 41.186
2323 2323 4 0.0 -6.46156 -2.09949 42.4167
2324 2324 4 0.0 -5.88385 -3.39704 42.4167
2325 2325 4 0.0 -5.49653 -3.99346 41.186
2326 2326 4 0.0 -4.54613 -5.04899 41.186
2327 2327 4 0.0 -3.99346 -5.49653 42.4167
2328 2328 4 0.0 -2.7634 -6.20671 42.4167
2329 2329 4 0.0 -2.09949 -6.46156 41.186
2330 2330 4 0.0 -0.710175 -6.75687 41.186
2331 2331 4 0.0 -1.24805e-15 -6.79408 42.4167
2332 2332 4 0.0 1.41257 -6.64562 42.4167
2333 2333 4 0.0 2.09949 -6.46156 41.186
2334 2334 4 0.0 3.39704 -5.88385 41.186
2335 2335 4 0.0 3.99346 -5.49653 42.4167
2336 2336 4 0.0 5.04899 -4.54613 42.4167
2337 2337 4 0.0 5.49653 -3.99346 41.186
2338 2338 4 0.0 6.20671 -2.7634 41.186
2339 2339 4 0.0 6.46156 -2.09949 42.4167
2340 2340 4 0.0 6.75687 -0.710175 42.4167
2341 2341 4 0.0 6.79408 0 43.6473
2342 2342 4 0.0 6.64562 1.41257 43.6473
2343 2343 4 0.0 6.46156 2.09949 44.8779
2344 2344 4 0.0 5.88385 3.39704 44.8779
2345 2345 4 0.0 5.49653 3.99346 43.6473
2346 2346 4 0.0 4.54613 5.04899 43.6473
2347 2347 4 0.0 3.99346 5.49653 44.8779
2348 2348 4 0.0 2.7634 6.20671 44.8779
2349 2349 4 0.0 2.09949 6.46156 43.6473
2350 2350 4 0.0 0.710175 6.75687 43.6473
2351 2351 4 0.0 1.92461e-15 6.79408 44.8779
2352 2352 4 0.0 -1.41257 6.64562 44.8779
2353 2353 4 0.0 -2.09949 6.46156 43.6473
2354 2354 4 0.0 -3.39704 5.88385 43.6473
2355 2355 4 0.0 -3.99346 5.49653 44.8779
2356 2356 4 0.0 -5.04899 4.54613 44.8779
2357 2357 4 0.0 -5.49653 3.99346 43.6473
2358 2358 4 0.0 -6.20671 2.7634 43.6473
2359 2359 4 0.0 -6.46156 2.09949 44.8779
2360 2360 4 0.0 -6.75687 0.710175 44.8779
2361 2361 4 0.0 -6.79408 3.84922e-15 43.6473
2362 2362 4 0.0 -6.64562 -1.41257 43.6473
2363 2363 4 0.0 -6.46156 -2.09949 44.8779
2364 2364 4 0.0 -5.88385 -3.39704 44.8779
2365 2365 4 0.0 -5.49653 -3.99346 43.6473
2366 2366 4 0.0 -4.54613 -5.04899 43.6473
2367 2367 4 0.0 -3.99346 -5.49653 44.8779
2368 2368 4 0.0 -2.7634 -6.20671 44.8779
2369 2369 4 0.0 -2.09949 -6.46156 43.6473
2370 2370 4 0.0 -0.710175 -6.75687 43.6473
2371 2371 4 0.0 -1.24805e-15 -6.79408 44.8779
2372 2372 4 0.0 1.41257 -6.64562 44.8779
2373 2373 4 0.0 2.09949 -6.46156 43.6473
2374 2374 4 0.0 3.39704 -5.88385 43.6473
2375 2375 4 0.0 3.99346 -5.49653 44.8779
2376 2376 4 0.0 5.04899 -4.54613 44.8779
2377 2377 4 0.0 5.49653 -3.99346 43.6473
2378 2378 4 0.0 6.20671 -2.7634 43.6473
2379 2379 4 0.0 6.46156 -2.09949 44.8779
2380 2380 4 0.0 6.75687 -0.710175 44.8779
2381 2381 4 0.0 6.79408 0 46.1085
2382 2382 4 0.0 6.64562 1.41257 46.1085
2383 2383 4 0.0 6.46156 2.09949 47.3391
2384 2384 4 0.0 5.88385 3.39704 47.3391
2385 2385 4 0.0 5.49653 3.99346 46.1085
2386 2386 4 0.0 4.54613 5.04899 46.1085
2387 2387 4 0.0 3.99346 5.49653 47.3391
2388 2388 4 0.0 2.7634 6.20671 47.3391
2389 2389 4 0.0 2.09949 6.46156 46.1085
2390 2390 4 0.0 0.710175 6.75687 46.1085
2391 2391 4 0.0 1.92461e-15 6.79408 47.3391
2392 2392 4 0.0 -1.41257 6.64562 47.3391
2393 2393 4 0.0 -2.09949 6.46156 46.1085
2394 2394 4 0.0 -3.39704 5.88385 46.1085
2395 2395 4 0.0 -3.99346 5.49653 47.3391
2396 2396 4 0.0 -5.04899 4.54613 47.3391
2397 2397 4 0.0 -5.49653 3.99346 46.1085
2398 2398 4 0.0 -6.20671 2.7634 46.1085
2399 2399 4 0.0 -6.46156 2.09949 47.3391
2400 2400 4 0.0 -6.75687 0.710175 47.3391
2401 2401 4 0.0 -6.79408 3.84922e-15 46.1085
2402 2402 4 0.0 -6.64562 -1.41257 46.1085
2403 2403 4 0.0 -6.46156 -2.09949 47.3391
2404 2404 4 0.0 -5.88385 -3.39704 47.3391
2405 2405 4 0.0 -5.49653 -3.99346 46.1085
2406 2406 4 0.0 -4.54613 -5.04899 46.1085
2407 2407 4 0.0 -3.99346 -5.49653 47.3391
2408 2408 4 0.0 -2.7634 -6.20671 47.3391
2409 2409 4 0.0 -2.09949 -6.46156 46.1085
2410 2410 4 0.0 -0.710175 -6.75687 46.1085
2411 2411 4 0.0 -1.24805e-15 -6.79408 47.3391
2412 2412 4 0.0 1.41257 -6.64562 47.3391
2413 2413 4 0.0 2.09949 -6.46156 46.1085
2414 2414 4 0.0 3.39704 -5.88385 46.1085
2415 2415 4 0.0 3.99346 -5.49653 47.3391
2416 2416 4 0.0 5.04899 -4.54613 47.3391
2417 2417 4 0.0 5.49653 -3.99346 46.1085
2418 2418 4 0.0 6.20671 -2.7634 46.1085
2419 2419 4 0.0 6.46156 -2.09949 47.3391
2420 2420 4 0.0 6.75687 -0.710175 47.3391
2421 2421 4 0.0 6.79408 0 48.5698
2422 2422 4 0.0 6.64562 1.41257 48.5698
2423 2423 4 0.0 6.46156 2.09949 49.8004
2424 2424 4 0.0 5.88385 3.39704 49.8004
2425 2425 4 0.0 5.49653 3.99346 48.5698
2426 2426 4 0.0 4.54613 5.04899 48.5698
2427 2427 4 0.0 3.99346 5.49653 49.8004
2428 2428 4 0.0 2.7634 6.20671 49.8004
2429 2429 4 0.0 2.09949 6.46156 48.5698
2430 2430 4 0.0 0.710175 6.75687 48.5698
2431 2431 4 0.0 1.92461e-15 6.79408 49.8004
2432 2432 4 0.0 -1.41257 6.64562 49.8004
2433 2433 4 0.0 -2.09949 6.46156 48.5698
2434 2434 4 0.0 -3.39704 5.88385 48.5698
2435 2435 4 0.0 -3.99346 5.49653 49.8004
2436 2436 4 0.0 -5.04899 4.54613 49.8004
2437 2437 4 0.0 -5.49653 3.99346 48.5698
2438 2438 4 0.0 -6.20671 2.7634 48.5698
2439 2439 4 0.0 -6.46156 2.09949 49.8004
2440 2440 4 0.0 -6.75687 0.710175 49.8004
2441 2441 4 0.0 -6.79408 3.84922e-15 48.5698
2442 2442 4 0.0 -6.64562 -1.41257 48.5698
2443 2443 4 0.0 -6.46156 -2.09949 49.8004
2444 2444 4 0.0 -5.88385 -3.39704 49.8004
2445 2445 4 0.0 -5.49653 -3.99346 48.5698
2446 2446 4 0.0 -4.54613 -5.04899 48.5698
2447 2447 4 0.0 -3.99346 -5.49653 49.8004
2448 2448 4 0.0 -2.7634 -6.20671 49.8004
2449 2449 4 0.0 -2.09949 -6.46156 48.5698
2450 2450 4 0.0 -0.710175 -6.75687 48.5698
2451 2451 4 0.0 -1.24805e-15 -6.79408 49.8004
2452 2452 4 0.0 1.41257 -6.64562 49.8004
2453 2453 4 0.0 2.09949 -6.46156 48.5698
2454 2454 4 0.0 3.39704 -5.88385 48.5698
2455 2455 4 0.0 3.99346 -5.49653 49.8004
2456 2456 4 0.0 5.04899 -4.54613 49.8004
2457 2457 4 0.0 5.49653 -3.99346 48.5698
2458 2458 4 0.0 6.20671 -2.7634 48.5698
2459 2459 4 0.0 6.46156 -2.09949 49.8004
2460 2460 4 0.0 6.75687 -0.710175 49.8004
